position: [0.17477727129471216, -0.22704988239194232, 1.2284674473087287]
position: [0.17666222688686603, -0.22523473996986823, 1.230230229853243]
position: [0.17859954235657974, -0.22319270474503486, 1.232045372275317]
position: [0.18046704465621366, -0.2211157629351616, 1.2344539266430694]
position: [0.18242181341844732, -0.21923080734300773, 1.2361992558950636]
position: [0.1843940354732009, -0.2171713188256544, 1.2381714779498172]
position: [0.18645352399055423, -0.2150245638457014, 1.2404054993923699]
position: [0.18847810592286765, -0.2132443280086672, 1.2422730016920038]
position: [0.19060740761030073, -0.21106266644367427, 1.2440183309439983]
position: [0.1926494428351341, -0.20912535097396057, 1.2463745254341907]
position: [0.19469147805996745, -0.20729275525936652, 1.2481896678562647]
position: [0.1966462468222011, -0.2050238272317739, 1.2500746234484186]
position: [0.1986184688769547, -0.2032610446872596, 1.252395911353571]
position: [0.20053833105414845, -0.20121900946242624, 1.2542110537756452]
position: [0.20251055310890206, -0.1991769742375929, 1.2562181824154386]
position: [0.20441296199357586, -0.1973269252304789, 1.2581554978851524]
position: [0.20643754392588928, -0.1951103570804461, 1.2603197061576252]
position: [0.20844467256568278, -0.1931032284406526, 1.2622221150422992]
position: [0.21050416108303607, -0.19118336626345886, 1.264089617341933]
position: [0.2125636496003894, -0.18908897116106566, 1.2663934519545657]
position: [0.21467549799530253, -0.18709929581379212, 1.2681562344990798]
position: [0.21668262663509602, -0.18519688692911832, 1.2701808164313932]
position: [0.2186548486898496, -0.1830152253641254, 1.2723799312889061]
position: [0.2205572575745234, -0.1811651763570114, 1.27426488688106]
position: [0.22252947962927702, -0.1792278608872977, 1.276080029303134]
position: [0.22444934180647078, -0.17706365261482473, 1.2783838639157665]
position: [0.22640411056870444, -0.1753183233628304, 1.2802862728004405]
position: [0.22837633262345802, -0.17308430192027766, 1.2820316020524347]
position: [0.2304183678482914, -0.17114698645056395, 1.284405249835147]
position: [0.23249530965816465, -0.1693143907359699, 1.284405249835147]
position: [0.23249530965816465, -0.1693143907359699, 1.2880704412643351]
position: [0.23458970476055782, -0.16521286699378324, 1.2880704412643351]
position: [0.2366317399853912, -0.16521286699378324, 1.2903917291694875]
position: [0.23862141533266473, -0.16318828506146982, 1.2921894182990417]
position: [0.24061109067993827, -0.1610938899590766, 1.2941965469388352]
position: [0.24258331273469186, -0.15919148107440279, 1.2962560354561885]
position: [0.24455553478944544, -0.15714944584956944, 1.2982980706810219]
position: [0.24652775684419903, -0.15510741062473607, 1.300148119688136]
position: [0.24846507231391274, -0.1532224550325822, 1.302277421375569]
position: [0.2504547476611863, -0.15116296651522887, 1.3043543631854422]
position: [0.2525142361785396, -0.14908602470535562, 1.3061520523149963]
position: [0.2545737246958929, -0.1473406954533613, 1.3082464474173896]
position: [0.2566332132132462, -0.14507176742576866, 1.310236122764663]
position: [0.2585879819754799, -0.1432217184186547, 1.3123130645745364]
position: [0.2605776573227534, -0.14123204307138115, 1.3140583938265307]
position: [0.262549879377507, -0.13906783479890816, 1.3163447751466433]
position: [0.2645046481397406, -0.13733995883943378, 1.318282090616357]
position: [0.2664419636094543, -0.13526301702956053, 1.3199227001132317]
position: [0.2684316389567279, -0.13316862192716733, 1.3224534275286235]
position: [0.27040386101148145, -0.13128366633501345, 1.324146396903058]
position: [0.2724633495288348, -0.12915436464758037, 1.3260837123727716]
position: [0.27445302487610834, -0.12712978271526695, 1.3283526404003643]
position: [0.27649506010094166, -0.12526228041563303, 1.3301328762373985]
position: [0.2785021887407352, -0.12311552543568001, 1.3320876449996322]
position: [0.2805267706730486, -0.1211782099659663, 1.334304213149665]
position: [0.2825164460203221, -0.1193281609588523, 1.3362589819118986]
position: [0.28454102795263553, -0.11707668622377962, 1.3380392177489329]
position: [0.28647834342234924, -0.11529645038674541, 1.3403081457765254]
position: [0.2884854720621427, -0.11327186845443199, 1.3421756480761593]
position: [0.2904576941168963, -0.11109020688943907, 1.344112963545873]
position: [0.2924997293417297, -0.1093274243449248, 1.346259718525826]
position: [0.2944894046890032, -0.10714576277993189, 1.3481970339955398]
position: [0.2965139866213166, -0.10524335389525807, 1.350256522512893]
position: [0.2984687553835503, -0.10330603842554437, 1.352071664934967]
position: [0.3005282439009036, -0.10112437686055145, 1.35432313967004]
position: [0.30248301266313726, -0.09922196797587764, 1.3561906419696739]
position: [0.30449014130293073, -0.0972322926286041, 1.3580581442693078]
position: [0.30647981665020424, -0.09506808435613112, 1.3604143387595]
position: [0.30850439858251766, -0.0932005820564972, 1.3621771213040144]
position: [0.3105115272223112, -0.0912283600017436, 1.364149343358768]
position: [0.3125361091546246, -0.08904669843675068, 1.3663833648013206]
position: [0.31450833120937816, -0.08728391589223641, 1.3682683203934745]
position: [0.3165154598491717, -0.08517206749732328, 1.3700485562305087]
position: [0.3185400417814851, -0.08313003227248991, 1.3724047507207011]
position: [0.32054717042127856, -0.08136724972797564, 1.374289706312855]
position: [0.322554299061072, -0.07902850853030324, 1.3760699421498892]
position: [0.3245439744083456, -0.07721336610822914, 1.3784959498101614]
position: [0.3265336497556191, -0.07529350393103537, 1.3801889191845957]
position: [0.3285233251028926, -0.07309438907352252, 1.3821611412393495]
position: [0.330565360327726, -0.07127924665144841, 1.3843428028043423]
position: [0.3325724889675195, -0.06914994496401533, 1.3862452116890163]
position: [0.334579617607313, -0.06710790973918197, 1.3882348870362897]
position: [0.3365169330770267, -0.06520550085450814, 1.3902071090910433]
position: [0.33848915513178024, -0.0631285590446349, 1.3923189574859565]
position: [0.3404788304790538, -0.061103977112321475, 1.3941340999080305]
position: [0.34248595911884727, -0.059201568227647654, 1.3962284950104238]
position: [0.3445105410511607, -0.05708971983273452, 1.3983577966978569]
position: [0.34655257627599406, -0.05508259119294104, 1.4002078457049707]
position: [0.3485073450382277, -0.05330235535590682, 1.4021626144672044]
position: [0.35058428684810095, -0.05101597403579425, 1.4043268227396775]
position: [0.35255650890285456, -0.04927064478379992, 1.4063339513794708]
position: [0.354581090835168, -0.04715879638888679, 1.4080618273389454]
position: [0.3565184063048817, -0.04506440128649359, 1.4104005685366177]
position: [0.35856044152971506, -0.043336525327019204, 1.4122680708362516]
position: [0.36053266358446867, -0.04115486376202629, 1.4139610402106861]
position: [0.3625572455167821, -0.039165188414752757, 1.416491767626078]
position: [0.36452946757153565, -0.03722787294503905, 1.4182021902930324]
position: [0.366571502796369, -0.03508111796508602, 1.420139505762746]
position: [0.36854372485112263, -0.03312634920285237, 1.4223560739127787]
position: [0.370585760075956, -0.031206487025658612, 1.4242235762124127]
position: [0.3725754354232295, -0.029094638630745472, 1.4261434383896066]
position: [0.37454765747798313, -0.02717477645355171, 1.4283250999545993]
position: [0.37648497294769684, -0.02522000769131806, 1.430332228594393]
position: [0.37850955488001026, -0.023073252711365035, 1.4321124644314271]
position: [0.38046432364224386, -0.021327923459370707, 1.4343464858739798]
position: [0.38250635886707723, -0.019163715186897738, 1.436179081588574]
position: [0.3844960342143508, -0.017121679962064373, 1.4382385701059273]
position: [0.38650316285414427, -0.015271630954950384, 1.4402282454532007]
position: [0.3885277447864577, -0.013072516097437528, 1.442270280678034]
position: [0.3905523267187711, -0.011292280260403312, 1.442270280678034]
position: [0.39254200206604467, -0.00926769832808989, 1.4442948626103476]
position: [0.39254200206604467, -0.007103490055616921, 1.445952925399742]
position: [0.39454913070583814, -0.007103490055616921, 1.4484312929375742]
position: [0.3965562593456316, -0.005201081170943102, 1.4502464353596483]
position: [0.39854593469290517, -0.003193952531149623, 1.4520266711966825]
position: [0.4005007034551388, -0.0010471975511965976, 1.4544526788569545]
position: [0.40249037880241234, 0.0007330382858376184, 1.456198008108949]
position: [0.4044975074422058, 0.0028274333882308137, 1.4581178702861426]
position: [0.40650463608199927, 0.004939281783143953, 1.4604042516062552]
position: [0.4085292180143127, 0.006684611035138282, 1.4622543006133693]
position: [0.4105537999466261, 0.00890117918517108, 1.4640345364504035]
position: [0.4125434752938997, 0.010821041362364843, 1.4663907309405957]
position: [0.41449824405613334, 0.01265363707695889, 1.46820587336267]
position: [0.41652282598844675, 0.014974924982111348, 1.4700908289548238]
position: [0.4184950480432003, 0.016720254234105676, 1.4723772102749364]
position: [0.4204847233904739, 0.018779742751458984, 1.4741748994044905]
position: [0.42243949215270754, 0.020839231268812295, 1.476164574751764]
position: [0.42448152737754086, 0.022689280275926284, 1.4781891566840775]
position: [0.4264712027248144, 0.02480112867083942, 1.4802486452014307]
position: [0.42849578465712784, 0.0268082573106329, 1.4821685073786246]
position: [0.43048546000440135, 0.02871066619530672, 1.4840534629707784]
position: [0.4325100419367148, 0.030822514590219858, 1.486339844290891]
position: [0.4344822639914684, 0.03277728335245351, 1.488120080127925]
position: [0.4365068459237818, 0.034714598822167216, 1.4901446620602385]
position: [0.4384790679785354, 0.036896260387160124, 1.4923088703327116]
position: [0.44050364991084884, 0.038728856101754174, 1.4942287325099053]
position: [0.4424584186730825, 0.04068362486398782, 1.4960438749319793]
position: [0.4444830006053959, 0.04290019301402062, 1.498347709544612]
position: [0.4464901292451894, 0.04462806897349501, 1.5003024783068455]
position: [0.4485670710550626, 0.04682718383100786, 1.5020129009738001]
position: [0.45052183981729627, 0.048869219055841226, 1.504473815219112]
position: [0.45252896845708973, 0.05061454830783556, 1.5062016911785865]
position: [0.45450119051184334, 0.05286602304290824, 1.5080517401857003]
position: [0.45649086585911686, 0.054785885220102006, 1.5104428412609325]
position: [0.45846308791387047, 0.056793013859895485, 1.512188170512927]
position: [0.46047021655366394, 0.058887408962288675, 1.5142127524452405]
position: [0.4624598919009375, 0.06080727113948244, 1.5162896942551136]
position: [0.4644844738332509, 0.06281439977927591, 1.5182619163098672]
position: [0.46647414918052443, 0.06489134158914917, 1.5201119653169812]
position: [0.4685161844053578, 0.0667588438887831, 1.522276173589454]
position: [0.47052331304515127, 0.06881833240613641, 1.5243007555217676]
position: [0.4725304416849448, 0.07093018080104956, 1.5261333512363617]
position: [0.4745201170322183, 0.07267551005304389, 1.5282801062163147]
position: [0.4765446989645317, 0.07489207820307668, 1.5302348749785484]
position: [0.4785343743118053, 0.07681194038027044, 1.5322943634959016]
position: [0.4805240496590788, 0.0787318025574642, 1.5341269592104958]
position: [0.4824962717138324, 0.080948370707497, 1.5363086207754886]
position: [0.48452085364614583, 0.08269369995949133, 1.5383157494152822]
position: [0.48654543557845925, 0.08477064176936458, 1.5399738122046767]
position: [0.4885525642182527, 0.08689994345679766, 1.5424870863275486]
position: [0.4905596928580462, 0.0887674457564316, 1.544197508994503]
position: [0.49251446162027984, 0.09082693427378491, 1.5460824645866569]
position: [0.49450413696755335, 0.09293878266869805, 1.5484037524918093]
position: [0.4965112656073469, 0.09471901850573226, 1.5502014416213634]
position: [0.4985358475396603, 0.09686577348568529, 1.5521213037985573]
position: [0.500490616301894, 0.0988903554179987, 1.5543727785336299]
position: [0.5025151982342073, 0.10072295113259276, 1.5563275472958635]
position: [0.5045048735814809, 0.10290461269758566, 1.5580903298403779]
position: [0.5065643620988342, 0.1047721149972196, 1.5604116177455303]
position: [0.5085540374461077, 0.1067443370519732, 1.5622616667526443]
position: [0.5105786193784212, 0.10894345190948605, 1.564164075637318]
position: [0.5125508414331748, 0.11068878116148037, 1.5663806437873509]
position: [0.5145928766580081, 0.11285298943395335, 1.568230692794465]
position: [0.5165650987127617, 0.11479030490366705, 1.5702901813118182]
position: [0.5185722273525551, 0.11671016708086081, 1.5721227770264123]
position: [0.5205444494073088, 0.11889182864585372, 1.574321891883925]
position: [0.5225166714620624, 0.12082914411556743, 1.5762766606461587]
position: [0.5245063468093359, 0.12280136617032103, 1.578091803068233]
position: [0.5265832886192091, 0.12493066785775411, 1.5804130909733853]
position: [0.5285904172590027, 0.1268330767424279, 1.5821933268104196]
position: [0.5305800926062761, 0.12877039221214162, 1.5841655488651731]
position: [0.5325174080759899, 0.13098696036217444, 1.5863995703077258]
position: [0.5345245367157834, 0.13276719619920865, 1.5882670726073598]
position: [0.5364967587705369, 0.134809231424042, 1.5900822150294338]
position: [0.5385038874103304, 0.13693853311147508, 1.5924209562271063]
position: [0.540493562757604, 0.1386838623634694, 1.5942710052342204]
position: [0.5425006913973974, 0.14091788380602216, 1.5960512410712544]
position: [0.544490366744671, 0.142820292690696, 1.5984772487315266]
position: [0.5465498552620243, 0.142820292690696, 1.5984772487315266]
position: [0.5465498552620243, 0.1469043631403627, 1.600187671398481]
position: [0.5485395306092978, 0.14868459897739694, 1.6021249868681948]
position: [0.5505292059565714, 0.14868459897739694, 1.6043415550182276]
position: [0.5525188813038449, 0.1508488072498699, 1.6062090573178616]
position: [0.5545609165286782, 0.15289084247470328, 1.608251092542695]
position: [0.5565505918759518, 0.15477579806685715, 1.6102058613049286]
position: [0.5585402672232254, 0.1568527398767304, 1.6123351629923617]
position: [0.5605299425704988, 0.15885986851652387, 1.6141677587069556]
position: [0.5625021646252525, 0.16074482410867774, 1.616262153809349]
position: [0.5645441998500859, 0.1629090323811507, 1.6183216423267022]
position: [0.5665687817823992, 0.16482889455834449, 1.620206597918856]
position: [0.5685584571296728, 0.16666149027293853, 1.6222311798511695]
position: [0.5705306791844263, 0.1689129650080112, 1.6242732150760029]
position: [0.57250290123918, 0.17074556072260524, 1.626350156885876]
position: [0.5744925765864535, 0.17273523606987878, 1.6280431262603106]
position: [0.5764647986412071, 0.1749168976348717, 1.6304167740430229]
position: [0.5784195674034407, 0.17664477359434608, 1.632231916465097]
position: [0.5804441493357542, 0.1787915285742991, 1.6339248858395314]
position: [0.5824512779755476, 0.18078120392157265, 1.6364381599624034]
position: [0.584493313200381, 0.18273597268380629, 1.6381660359218777]
position: [0.5864829885476546, 0.18481291449367956, 1.6400858980990713]
position: [0.588472663894928, 0.18680258984095308, 1.6423024662491041]
position: [0.5904274326571617, 0.18868754543310695, 1.6441525152562182]
position: [0.5924869211745151, 0.19083430041306, 1.646072377433412]
position: [0.5944940498143085, 0.1927716158827737, 1.6482540389984048]
position: [0.5964837251615821, 0.19469147805996745, 1.6502262610531584]
position: [0.5984384939238157, 0.19687313962496036, 1.6520763100602724]
position: [0.6004456225636092, 0.19865337546199457, 1.6543103315028251]
position: [0.6024527512034027, 0.20081758373446756, 1.656177833802459]
position: [0.6045645995983158, 0.20287707225182086, 1.6581849624422527]
position: [0.6065368216530694, 0.20465730808885507, 1.6602095443745661]
position: [0.6085264970003429, 0.20690878282392777, 1.6622341263068794]
position: [0.6104812657625766, 0.20872392524600186, 1.6642936148242329]
position: [0.61250584769489, 0.21067869400823552, 1.6660214907837072]
position: [0.6144780697496436, 0.21289526215826832, 1.6683776852738996]
position: [0.6165026516819571, 0.21476276445790224, 1.6702626408660535]
position: [0.6184748737367106, 0.21678734639021566, 1.6720428767030877]
position: [0.6204820023765041, 0.21889919478512881, 1.67443397777832]
position: [0.6224891310162975, 0.22076669708476274, 1.6762142136153542]
position: [0.6245311662411309, 0.22277382572455623, 1.6781689823775876]
position: [0.6265208415884045, 0.2249380339970292, 1.6803680972351005]
position: [0.628527970228198, 0.22666590995650357, 1.6822879594122944]
position: [0.6305350988679914, 0.22886502481401644, 1.6840856485418485]
position: [0.6325422275077849, 0.23083724686877002, 1.6864243897395208]
position: [0.6345144495625384, 0.23261748270580423, 1.688222078869075]
position: [0.6365390314948519, 0.23490386402591681, 1.6901419410462688]
position: [0.6385112535496055, 0.2367190064479909, 1.6924457756589013]
position: [0.640535835481919, 0.2387261350877844, 1.6941736516183756]
position: [0.6425604174142323, 0.24085543677521748, 1.696198233550689]
position: [0.6445675460540259, 0.24270548578233145, 1.6982577220680424]
position: [0.6465746746938194, 0.24490460063984432, 1.7002823040003558]
position: [0.648529443456053, 0.24689427598711786, 1.7022545260551094]
position: [0.6505191188033265, 0.24877923157927173, 1.7041743882323033]
position: [0.6524913408580801, 0.25085617338914495, 1.706356049797296]
position: [0.6544810162053536, 0.25288075532145843, 1.7081537389268502]
position: [0.6564881448451471, 0.2547482576210923, 1.7102306807367236]
position: [0.6584952734849406, 0.25692991918608526, 1.7123425291316368]
position: [0.6605024021247341, 0.25883232807075907, 1.7142623913088304]
position: [0.6625444373495675, 0.2607521902479528, 1.7161124403159445]
position: [0.6645515659893609, 0.26293385181294576, 1.7183464617584971]
position: [0.6665237880441145, 0.26462682118738023, 1.7203012305207308]
position: [0.668496010098868, 0.26684338933741303, 1.7220291064802051]
position: [0.6705554986162214, 0.2689203311472863, 1.7244376608479575]
position: [0.6725451739634949, 0.27063075381424073, 1.7262178966849917]
position: [0.6745697558958084, 0.2728996818418334, 1.7280504923995856]
position: [0.676507071365522, 0.27478463743398723, 1.7304590467673377]
position: [0.6785142000053156, 0.27675685948874085, 1.7321869227268123]
position: [0.680503875352589, 0.278851254591134, 1.7341940513666056]
position: [0.6825633638699424, 0.28084092993840754, 1.7363058997615188]
position: [0.6845530392172159, 0.2827433388230814, 1.7382606685237525]
position: [0.6865427145644895, 0.2848726405105145, 1.7401456241159063]
position: [0.6884625767416832, 0.2867575961026683, 1.7423098323883792]
position: [0.6904871586739967, 0.28878217803498174, 1.7443169610281728]
position: [0.69252919389883, 0.2909114797224148, 1.7461670100352868]
position: [0.6945188692461035, 0.2926742622669291, 1.7483486716002796]
position: [0.6964910913008572, 0.2948908304169619, 1.7502336271924335]
position: [0.6985156732331705, 0.29681069259415566, 1.7502336271924335]
position: [0.7005053485804441, 0.29873055477134947, 1.7523105690023069]
position: [0.7005053485804441, 0.30094712292138226, 1.7542129778869806]
position: [0.7035422214789142, 0.30094712292138226, 1.7563248262818938]
position: [0.7035422214789142, 0.30038861756074403, 1.755975760431495]
position: [0.7032106089210353, 0.3003362576831842, 1.7555568814110163]
position: [0.7030011694107959, 0.3003013510981443, 1.7557488676287356]
position: [0.7030186227033159, 0.3003188043906643, 1.7557488676287356]
position: [0.7030186227033159, 0.3003362576831842, 1.7557488676287356]
position: [0.702983716118276, 0.3003362576831842, 1.7557837742137756]
position: [0.7028266364855965, 0.3003362576831842, 1.7558361340913353]
position: [0.7027568233155168, 0.30037116426822413, 1.7558535873838552]
position: [0.7027568233155168, 0.30037116426822413, 1.7559059472614151]
position: [0.7027393700229968, 0.30038861756074403, 1.755923400553935]
position: [0.7027393700229968, 0.30047588402334374, 1.755940853846455]
position: [0.7027393700229968, 0.30051079060838365, 1.755975760431495]
position: [0.7027393700229968, 0.30051079060838365, 1.7559932137240148]
position: [0.7027393700229968, 0.3005282439009036, 1.7560106670165347]
position: [0.7027393700229968, 0.30054569719342356, 1.7560281203090546]
position: [0.7027393700229968, 0.30054569719342356, 1.7560455736015748]
position: [0.7027219167304769, 0.30054569719342356, 1.7560630268940947]
position: [0.7027044634379569, 0.30054569719342356, 1.7560804801866146]
position: [0.7026521035603971, 0.30054569719342356, 1.7560804801866146]
position: [0.7025997436828373, 0.3005806037784634, 1.7560979334791345]
position: [0.7025997436828373, 0.30059805707098336, 1.7561153867716546]
position: [0.7025997436828373, 0.3006155103635033, 1.7561153867716546]
position: [0.7025997436828373, 0.30063296365602327, 1.7561153867716546]
position: [0.7025997436828373, 0.3006504169485432, 1.7561153867716546]
position: [0.7025997436828373, 0.3006504169485432, 1.7561328400641745]
position: [0.7025997436828373, 0.3006504169485432, 1.7561328400641745]
position: [0.7025822903903174, 0.3006504169485432, 1.7561328400641745]
position: [0.7025473838052775, 0.3006504169485432, 1.7561328400641745]
position: [0.7024775706351977, 0.3006504169485432, 1.7561328400641745]
position: [0.7024426640501578, 0.3006504169485432, 1.7561328400641745]
position: [0.7024426640501578, 0.3006678702410631, 1.7561328400641745]
position: [0.7024426640501578, 0.30068532353358307, 1.7561328400641745]
position: [0.7024426640501578, 0.30068532353358307, 1.7561328400641745]
position: [0.7024426640501578, 0.30068532353358307, 1.7561328400641745]
position: [0.7024426640501578, 0.30068532353358307, 1.7561328400641745]
position: [0.7024252107576379, 0.30068532353358307, 1.7561328400641745]
position: [0.702407757465118, 0.30068532353358307, 1.7561328400641745]
position: [0.702390304172598, 0.30068532353358307, 1.7561328400641745]
position: [0.7023728508800781, 0.300702776826103, 1.7561328400641745]
position: [0.702355397587558, 0.300702776826103, 1.7561328400641745]
position: [0.702355397587558, 0.300702776826103, 1.7561328400641745]
position: [0.702355397587558, 0.300702776826103, 1.7561328400641745]
position: [0.702355397587558, 0.300702776826103, 1.7561328400641745]
position: [0.702355397587558, 0.300702776826103, 1.7561328400641745]
position: [0.702355397587558, 0.300702776826103, 1.7561502933566944]
position: [0.702355397587558, 0.300702776826103, 1.7561502933566944]
position: [0.702355397587558, 0.300702776826103, 1.7561502933566944]
position: [0.702355397587558, 0.300702776826103, 1.7561502933566944]
position: [0.702355397587558, 0.300702776826103, 1.7561502933566944]
position: [0.702355397587558, 0.300702776826103, 1.7561502933566944]
position: [0.702355397587558, 0.300702776826103, 1.7561502933566944]
position: [0.702355397587558, 0.300702776826103, 1.7561502933566944]
position: [0.702355397587558, 0.300702776826103, 1.7561502933566944]
position: [0.702355397587558, 0.300702776826103, 1.7561502933566944]
position: [0.702355397587558, 0.300702776826103, 1.7561502933566944]
position: [0.702355397587558, 0.300702776826103, 1.7561502933566944]
position: [0.702355397587558, 0.300702776826103, 1.7561502933566944]
position: [0.702355397587558, 0.300702776826103, 1.7561502933566944]
position: [0.702355397587558, 0.300702776826103, 1.7561502933566944]
position: [0.702355397587558, 0.300702776826103, 1.7561502933566944]
position: [0.702355397587558, 0.300702776826103, 1.7561502933566944]
position: [0.702355397587558, 0.300702776826103, 1.7561502933566944]
position: [0.7023379442950382, 0.300702776826103, 1.7561502933566944]
position: [0.7023379442950382, 0.300702776826103, 1.7561502933566944]
position: [0.7023379442950382, 0.300702776826103, 1.7561502933566944]
position: [0.7023379442950382, 0.300702776826103, 1.7561502933566944]
position: [0.7023379442950382, 0.300702776826103, 1.7561502933566944]
position: [0.7023379442950382, 0.300702776826103, 1.7561502933566944]
position: [0.7023379442950382, 0.300702776826103, 1.7561502933566944]
position: [0.7023379442950382, 0.300702776826103, 1.7561502933566944]
position: [0.7023379442950382, 0.300702776826103, 1.7561328400641745]
position: [0.7023379442950382, 0.300702776826103, 1.7561328400641745]
position: [0.7023379442950382, 0.300702776826103, 1.7561328400641745]
position: [0.7023379442950382, 0.300702776826103, 1.7561328400641745]
position: [0.7023379442950382, 0.300720230118623, 1.7561328400641745]
position: [0.7023379442950382, 0.300720230118623, 1.7561328400641745]
position: [0.7023379442950382, 0.300720230118623, 1.7561328400641745]
position: [0.7023379442950382, 0.300720230118623, 1.7561328400641745]
position: [0.7023379442950382, 0.300720230118623, 1.7561328400641745]
position: [0.7023379442950382, 0.300720230118623, 1.7561328400641745]
position: [0.7023379442950382, 0.300720230118623, 1.7561328400641745]
position: [0.7023379442950382, 0.300720230118623, 1.7561328400641745]
position: [0.7023379442950382, 0.300720230118623, 1.7561328400641745]
position: [0.7023379442950382, 0.300720230118623, 1.7561328400641745]
position: [0.7023379442950382, 0.300720230118623, 1.7561328400641745]
position: [0.7023379442950382, 0.300720230118623, 1.7561328400641745]
position: [0.7023379442950382, 0.300720230118623, 1.7561328400641745]
position: [0.7023379442950382, 0.300720230118623, 1.7561328400641745]
position: [0.7023379442950382, 0.300720230118623, 1.7561328400641745]
position: [0.7023379442950382, 0.300720230118623, 1.7561328400641745]
position: [0.7023379442950382, 0.300720230118623, 1.7561328400641745]
position: [0.7023379442950382, 0.300720230118623, 1.7561328400641745]
position: [0.7023379442950382, 0.300720230118623, 1.7561328400641745]
position: [0.7023379442950382, 0.300702776826103, 1.7561328400641745]
position: [0.7023379442950382, 0.300702776826103, 1.7561328400641745]
position: [0.7023379442950382, 0.300702776826103, 1.7561328400641745]
position: [0.7023379442950382, 0.300720230118623, 1.7561328400641745]
position: [0.7023379442950382, 0.300720230118623, 1.7561328400641745]
position: [0.7023379442950382, 0.300720230118623, 1.7561328400641745]
position: [0.7014129197914811, 0.300720230118623, 1.7561328400641745]
position: [0.6990392720087688, 0.2989923541591486, 1.7539686317917014]
position: [0.696543451178417, 0.296095107600838, 1.7515600774239493]
position: [0.6942570698583044, 0.29454176456656306, 1.7501289074373139]
position: [0.692232487925991, 0.2926219023893693, 1.7477378063620816]
position: [0.690347532333837, 0.2904576941168963, 1.7460099304026073]
position: [0.6880436977212046, 0.28845056547710285, 1.7437410023750146]
position: [0.6856525966459723, 0.2864085302522695, 1.7419258599529406]
position: [0.6835407482510593, 0.28462829441523524, 1.739953637898187]
position: [0.6816557926589053, 0.28244663285024235, 1.7378417895032738]
position: [0.6797882903592714, 0.28050931738052864, 1.7358870207410402]
position: [0.678060414399797, 0.2788163480060941, 1.7341591447815659]
position: [0.6763150851478027, 0.2765997798560613, 1.7318029502913734]
position: [0.6744126762631288, 0.27450538475366815, 1.7299354479917395]
position: [0.6724230009158554, 0.2727949620867137, 1.728259931909825]
position: [0.6704158722760618, 0.2705085807666011, 1.725764111079473]
position: [0.6682516640035889, 0.26841418566420794, 1.7240187818274788]
position: [0.6660700024385959, 0.26673866958229336, 1.7221163729428048]
position: [0.6640105139212427, 0.2644522882621808, 1.7198823515002521]
position: [0.6619859319889292, 0.2625149727924671, 1.7180497557856582]
position: [0.6600137099341756, 0.26073473695543287, 1.7160077205608248]
position: [0.6580938477569819, 0.2584832622203602, 1.7140180452135512]
position: [0.656191438872308, 0.256703026383326, 1.711941103403678]
position: [0.6542541234025944, 0.2545737246958929, 1.710073601104044]
position: [0.6523342612254006, 0.25256659605609943, 1.7080141125866908]
position: [0.650362039170647, 0.2506292805863857, 1.7059371707768174]
position: [0.6482850973607738, 0.24858724536155236, 1.7040522151846635]
position: [0.6461732489658606, 0.24658011672175886, 1.70211489971495]
position: [0.6440963071559873, 0.244695161129605, 1.699950691442477]
position: [0.6420019120535941, 0.24258331273469186, 1.6979610160952034]
position: [0.6400471432913605, 0.24061109067993827, 1.696268046720769]
position: [0.6381272811141667, 0.2386912285027445, 1.6938594923530168]
position: [0.6361899656444531, 0.2365095669377516, 1.6919919900533829]
position: [0.6342701034672593, 0.23469442451567749, 1.6903339272639881]
position: [0.6323327879975456, 0.23268729587588402, 1.6878206531411164]
position: [0.6303431126502721, 0.23043582114081132, 1.6861276837666819]
position: [0.6283708905955184, 0.2287253984738569, 1.6841380084194084]
position: [0.6263463086632051, 0.22654373690886398, 1.6819388935618955]
position: [0.6243217267308916, 0.22457151485411037, 1.6800190313847017]
position: [0.6222273316284984, 0.22270401255447644, 1.6781515290850677]
position: [0.6201503898186251, 0.2205048976969636, 1.675934960935035]
position: [0.6181083545937918, 0.21858503551976982, 1.6739627388802814]
position: [0.6161186792465183, 0.21668262663509602, 1.6721650497507272]
position: [0.6141464571917646, 0.21458823153270282, 1.6699659348932143]
position: [0.6122265950145709, 0.21263346277046916, 1.6680809793010605]
position: [0.6102543729598173, 0.21067869400823552, 1.666073850661267]
position: [0.6082821509050638, 0.2084970324432426, 1.6641190818990335]
position: [0.6062750222652702, 0.20662953014360866, 1.6619897802116004]
position: [0.6042329870404369, 0.20460494821129524, 1.659965198279287]
position: [0.6021734985230836, 0.20251055310890206, 1.6582896821973723]
position: [0.60020127646833, 0.20074777056438778, 1.6558462212445801]
position: [0.5981592412434966, 0.1984613892442752, 1.654031078822506]
position: [0.596169565896223, 0.19659388694464128, 1.6521984831079122]
position: [0.5941973438414695, 0.19469147805996745, 1.6498248353251999]
position: [0.5922425750792358, 0.19247490990993465, 1.6480620527806855]
position: [0.5902528997319623, 0.19072958065794032, 1.6461770971885317]
position: [0.5882806776772087, 0.18860027897050724, 1.6438558092833793]
position: [0.586343362207495, 0.18657569703819382, 1.6419184938136655]
position: [0.5843711401527414, 0.18472564803107983, 1.6419184938136655]
position: [0.5843711401527414, 0.18264870622120657, 1.6402604310242708]
position: [0.5823116516353881, 0.18058921770385328, 1.637799516778959]
position: [0.5802521631180347, 0.18058921770385328, 1.6360018276494046]
position: [0.5781752213081616, 0.17875662198925923, 1.6342390451048905]
position: [0.5761157327908082, 0.17650514725418653, 1.6317955841520984]
position: [0.5741260574435347, 0.174515471906913, 1.630085161485144]
position: [0.5721538353887811, 0.17273523606987878, 1.6280605795528305]
position: [0.5701467067489876, 0.17050121462732604, 1.626053450913037]
position: [0.568174484694234, 0.168668618912732, 1.6240463222732435]
position: [0.5662022626394805, 0.16664403698041858, 1.62202174034093]
position: [0.5642125872922069, 0.16449728200046557, 1.6201891446263361]
position: [0.5622752718224932, 0.16276940604099116, 1.6178678567211837]
position: [0.5602681431826997, 0.16053538459843844, 1.6161050741766694]
position: [0.5582610145429062, 0.15865042900628457, 1.614115398829396]
position: [0.5562713391956327, 0.15664330036649107, 1.611881377386843]
position: [0.5542642105558392, 0.1546012651416577, 1.6100313283797292]
position: [0.552187268745966, 0.15264649637942407, 1.608251092542695]
position: [0.5502848598612922, 0.15070918090971036, 1.6059472579300624]
position: [0.5483126378065386, 0.1485973325147972, 1.6040099424603487]
position: [0.5463753223368248, 0.14674728350768323, 1.602386786255994]
position: [0.5443507404045115, 0.14465288840529003, 1.5998386055480822]
position: [0.5423436117647179, 0.142506133425337, 1.5980932762960878]
position: [0.5403190298324045, 0.14079571075838257, 1.5963130404590538]
position: [0.5382944479000911, 0.1385965959008697, 1.5939219393838213]
position: [0.5362698659677777, 0.13657201396855628, 1.5921417035467873]
position: [0.5342976439130241, 0.134809231424042, 1.5901869347845536]
position: [0.5322556086881908, 0.1325053968114095, 1.5880052732195606]
position: [0.5302659333409172, 0.13072516097437528, 1.586033051164807]
position: [0.5282064448235639, 0.12866567245702198, 1.584200455450213]
position: [0.5262167694762904, 0.12655382406210883, 1.5820187938852202]
position: [0.5242270941290168, 0.12470377505499484, 1.5799418520753468]
position: [0.522307231951823, 0.12266173983016147, 1.5781616162383125]
position: [0.5203175566045495, 0.12063715789784805, 1.5760672211359195]
position: [0.518327881257276, 0.11871729572065429, 1.574025185911086]
position: [0.5163032993249626, 0.11669271378834087, 1.5720529638563325]
position: [0.5142961706851691, 0.11454595880838785, 1.5702727280192983]
position: [0.5122715887528556, 0.11266100321623397, 1.5679339868216258]
position: [0.510299366698102, 0.11056660811384078, 1.5659966713519122]
position: [0.5082922380583086, 0.10864674593664701, 1.5643560618550374]
position: [0.506302562711035, 0.10667452388189341, 1.5618253344396458]
position: [0.5042430741936818, 0.10445795573186062, 1.5600974584801712]
position: [0.5022708521389282, 0.10271262647986629, 1.5581950495954975]
position: [0.5002462702066147, 0.10060077808495316, 1.5558563083978252]
position: [0.49820423498178135, 0.09847147639752007, 1.554041165975751]
position: [0.4962320129270278, 0.09679596031560551, 1.552191116968637]
position: [0.49422488428723427, 0.09454448558053283, 1.5498698290634845]
position: [0.4922177556474408, 0.09257226352577924, 1.547932513593771]
position: [0.4901931737151274, 0.09072221451866525, 1.5462569975118563]
position: [0.48816859178281397, 0.08857545953871222, 1.5438484431441042]
position: [0.48614400985050055, 0.08656833089891874, 1.54203330072203]
position: [0.484154334503227, 0.0847357351843247, 1.5401308918373562]
position: [0.4821821124484734, 0.08250171374177195, 1.5379492302723632]
position: [0.48022734368623976, 0.0805818515645782, 1.5360119148026496]
position: [0.4782202150464463, 0.07864453609486449, 1.534004786162856]
position: [0.47626544628421263, 0.07646287452987158, 1.5321721904482621]
position: [0.47425831764441917, 0.0747000919853573, 1.5299381690057092]
position: [0.4722686422971456, 0.07253588371288433, 1.5280357601210355]
position: [0.4702440603648322, 0.07051130178057091, 1.5261682578214015]
position: [0.4683067448951185, 0.06874851923605664, 1.5238469699162491]
position: [0.46622980308524525, 0.06649704450098395, 1.5220841873717348]
position: [0.4642750343230116, 0.06468190207890985, 1.5201643251945411]
position: [0.46221554580565827, 0.06263986685407649, 1.5179128504594683]
position: [0.46019096387334485, 0.060562925044203235, 1.5159929882822747]
position: [0.45820128852607134, 0.05866051615952941, 1.5142302057377603]
position: [0.4562290664713177, 0.056653387519735934, 1.511891464540088]
position: [0.4542044845390043, 0.0545415391248228, 1.5099716023628942]
position: [0.4522148091917308, 0.05267403682518886, 1.5082960862809796]
position: [0.4502076805519373, 0.05059709501531561, 1.5058002654506277]
position: [0.44818309861962385, 0.048485246620402475, 1.5041072960761932]
position: [0.44615851668731044, 0.04677482395344803, 1.5022048871915195]
position: [0.44420374792507683, 0.04448844263333546, 1.4999185058714068]
position: [0.44221407257780326, 0.042551127163621756, 1.4981033634493328]
position: [0.4402942104006095, 0.04068362486398782, 1.4960787815170193]
position: [0.4382696284682961, 0.03846705671395502, 1.4941065594622658]
position: [0.43631485970606243, 0.03668682087692081, 1.4919598044823128]
position: [0.43427282448122906, 0.03460987906704755, 1.4901097554751987]
position: [0.4323180557189954, 0.03255039054969425, 1.4880502669578455]
position: [0.43031092707920193, 0.0307177948351002, 1.4859384185629323]
position: [0.4283212517319284, 0.02860594644018706, 1.4859384185629323]
position: [0.4283212517319284, 0.02860594644018706, 1.4821336007935846]
position: [0.4262617632145751, 0.02658136450787364, 1.4821336007935846]
position: [0.4242197279897417, 0.02467895562319982, 1.4799519392285918]
position: [0.4221951460574283, 0.022602013813326566, 1.477979717173838]
position: [0.42018801741763484, 0.02054252529597326, 1.4762867477994037]
position: [0.4182157953628812, 0.018657569703819384, 1.4738781934316514]
position: [0.4161912134305678, 0.016493361431346415, 1.4720106911320174]
position: [0.41423644466833415, 0.014643312424232424, 1.470317721757583]
position: [0.4122293160285407, 0.012688543661998775, 1.467839354219751]
position: [0.4101872808037073, 0.010471975511965976, 1.4660591183827167]
position: [0.40818015216391385, 0.00869173967493176, 1.464191616083083]
position: [0.40620793010916023, 0.006597344572538566, 1.4618703281779304]
position: [0.40420080146936677, 0.0045553093477052, 1.4600377324633365]
position: [0.40222857941461315, 0.0027052603405912107, 1.4581527768711826]
position: [0.4002214507748197, 0.0004886921905584122, 1.4559013021361098]
position: [0.398284135305106, -0.001291543646475804, 1.4539814399589162]
position: [0.39629445995783247, -0.003298672286269283, 1.452201204121882]
position: [0.3943047846105589, -0.0054105206811824215, 1.449949729386809]
position: [0.3923151092632854, -0.007243116395776467, 1.4480996803796953]
position: [0.3903428872085318, -0.009250245035569947, 1.4461100050324216]
position: [0.38831830527621836, -0.011466813185602744, 1.4441028763926282]
position: [0.38632862992894484, -0.013194689145077132, 1.4420782944603148]
position: [0.38425168811907157, -0.015323990832510213, 1.4400362592354814]
position: [0.3822445594792781, -0.01741838593490341, 1.4383607431535668]
position: [0.3802548841320046, -0.019216075064457567, 1.4359172822007749]
position: [0.378265208784731, -0.021485003092050196, 1.4340846864861807]
position: [0.37625808014493756, -0.02336995868420407, 1.4322520907715868]
position: [0.37426840479766404, -0.02530727415391778, 1.4299133495739142]
position: [0.3722089162803107, -0.027454029133870805, 1.4280982071518402]
position: [0.37021924093303715, -0.029269171555944905, 1.4261434383896066]
position: [0.36819465900072373, -0.031328660073298216, 1.4239268702395738]
position: [0.36623989023849013, -0.03340560188317147, 1.42198955476986]
position: [0.36425021489121656, -0.0352731041828054, 1.4202965853954255]
position: [0.3622954461289829, -0.03735004599267865, 1.4178705777351535]
position: [0.3602708641966695, -0.03939208121751202, 1.4160379820205593]
position: [0.35828118884939597, -0.04127703680966589, 1.414257746183525]
position: [0.3562740602096025, -0.04344124508213886, 1.411849191815773]
position: [0.35431929144736884, -0.045483280306972226, 1.4100864092712586]
position: [0.3523121628075754, -0.04722860955896656, 1.408114187216505]
position: [0.35033994075282177, -0.04951499087907913, 1.4060546986991518]
position: [0.3482455456504286, -0.0512777734235934, 1.4040301167668383]
position: [0.34622096371811517, -0.05335471523346665, 1.402005534834525]
position: [0.3441789284932818, -0.055501470213419675, 1.400120579242371]
position: [0.34218925314600823, -0.05721189288037412, 1.3979214643848583]
position: [0.3401995777987347, -0.05944591432292686, 1.3960714153777443]
position: [0.3382273557439811, -0.061400683085160515, 1.3940991933229907]
position: [0.3362027738116677, -0.06326818538479445, 1.3919175317579977]
position: [0.33417819187935427, -0.06541494036474747, 1.3900500294583638]
position: [0.3321710632395608, -0.06735225583446118, 1.38816507386621]
position: [0.33016393459976734, -0.06927211801165493, 1.3859310524236572]
position: [0.32817425925249377, -0.07136651311404814, 1.3839588303689037]
position: [0.32618458390522026, -0.07337364175384162, 1.382283314286989]
position: [0.32421236185046665, -0.0753458638085952, 1.379804946749157]
position: [0.32222268650319313, -0.07749261878854823, 1.3780596174971627]
position: [0.3202679177409595, -0.07923794804054256, 1.3763142882451684]
position: [0.318260789101166, -0.08136724972797564, 1.3738708272923763]
position: [0.3162885670464124, -0.08346164483036883, 1.3721080447478622]
position: [0.3142988916991389, -0.085259333959923, 1.3701358226931084]
position: [0.3122743097668254, -0.08751080869499568, 1.3679716144206355]
position: [0.31026718112703194, -0.08936085770210966, 1.365999392365882]
position: [0.3082600524872385, -0.09131562646434332, 1.3641667966512878]
position: [0.30620056396988515, -0.09346238144429635, 1.361985135086295]
position: [0.30421088862261164, -0.09527752386637045, 1.3599256465689418]
position: [0.3021863066902982, -0.09737191896876364, 1.3581279574393874]
position: [0.30019663134302466, -0.09943140748611695, 1.3559812024594344]
position: [0.29820695599575114, -0.10128145649323095, 1.3540438869897207]
position: [0.2962521872335175, -0.1033583983031042, 1.3520542116424472]
position: [0.2942101520086841, -0.10548769999053728, 1.3501867093428133]
position: [0.2921855700763707, -0.10733774899765126, 1.3479177813152208]
position: [0.2901609881440573, -0.10941469080752451, 1.345997919138027]
position: [0.2882062193818236, -0.111421819447318, 1.3442525898860327]
position: [0.2862165440345501, -0.11327186845443199, 1.3418440355182804]
position: [0.2842443219797965, -0.11554079648202462, 1.3400637996812461]
position: [0.28221974004748307, -0.11730357902653889, 1.3381962973816122]
position: [0.2802649712852494, -0.11938052083641214, 1.3358226495989]
position: [0.27825784264545594, -0.12144000935376545, 1.3340598670543857]
position: [0.27632052717574224, -0.12144000935376545, 1.3321749114622319]
position: [0.27431339853594877, -0.12538445346327262, 1.3321749114622319]
position: [0.2723062698961553, -0.12538445346327262, 1.3298710768495994]
position: [0.27026423467132193, -0.12737412881054616, 1.3279337613798856]
position: [0.27026423467132193, -0.12931144428025987, 1.326258245297971]
position: [0.2682047461539686, -0.13138838609013312, 1.323832237637699]
position: [0.26616271092913524, -0.13334315485236678, 1.3220345485081448]
position: [0.2641904888743817, -0.1352979236146004, 1.3202194060860706]
position: [0.26218336023458816, -0.13744467859455345, 1.317915571473438]
position: [0.2601762315947947, -0.13934708747922728, 1.3160655224663242]
position: [0.25820400954004114, -0.14128440294894098, 1.3140234872414909]
position: [0.25621433419276757, -0.14350097109897378, 1.3121734382343768]
position: [0.2542072055529741, -0.1452113937659282, 1.309974323376864]
position: [0.25220007691318064, -0.14744541520848095, 1.3080544611996703]
position: [0.2501754949808672, -0.14946999714079437, 1.3061869589000363]
position: [0.24822072621863353, -0.1513025928553884, 1.3038831242874038]
position: [0.24623105087136002, -0.1534318945428215, 1.3021203417428895]
position: [0.2442588288166064, -0.15531685013497537, 1.300148119688136]
position: [0.2422691534693329, -0.15727161889720903, 1.297966458123143]
position: [0.24027947812205935, -0.15940092058464211, 1.2960291426534292]
position: [0.2383247093598257, -0.161285876176796, 1.2943012666939548]
position: [0.23633503401255215, -0.16329300481658948, 1.2919450722037624]
position: [0.2343279053727587, -0.16535249333394278, 1.2900601166116086]
position: [0.23230332344044527, -0.16732471538869637, 1.2883496939446542]
position: [0.23029619480065178, -0.1693143907359699, 1.2858887796993421]
position: [0.2282541595758184, -0.171443692423403, 1.2841085438623079]
position: [0.22628193752106482, -0.17318902167539732, 1.282258494855194]
position: [0.22429226217379128, -0.17537068324039023, 1.2799546602425615]
position: [0.22230258682651774, -0.17730799871010394, 1.2781220645279674]
position: [0.22029545818672427, -0.1792278608872977, 1.2761847490582536]
position: [0.21828832954693078, -0.18146188232985044, 1.2740729006633407]
position: [0.21624629432209744, -0.18324211816688465, 1.2720308654385073]
position: [0.2142566189748239, -0.18533651326927786, 1.2701284565538333]
position: [0.21221458374999053, -0.18743090837167103, 1.26806896803648]
position: [0.21024236169523694, -0.18928095737878503, 1.265974572934087]
position: [0.20823523305544345, -0.19135789918865828, 1.264124523926973]
position: [0.20626301100068986, -0.1934173877060116, 1.2620824887021396]
position: [0.20423842906837644, -0.19524998342060565, 1.2600055468922664]
position: [0.20226620701362286, -0.19734437852299883, 1.2580158715449927]
position: [0.20025907837382936, -0.19942132033287208, 1.2562530890004784]
position: [0.1983392161966356, -0.20128882263250603, 1.2538968945102862]
position: [0.19629718097180224, -0.2034181243199391, 1.2520293922106522]
position: [0.19432495891704865, -0.20533798649713286, 1.2503364228362177]
position: [0.19228292369221528, -0.20727530196684657, 1.2478580552983858]
position: [0.19025834175990186, -0.2095442299944392, 1.2461476326314314]
position: [0.18819885324254856, -0.21128955924643353, 1.2441928638691977]
position: [0.18619172460275507, -0.21338395434882673, 1.2419413891341249]
position: [0.1841845959629616, -0.21540853628114015, 1.2400040736644113]
position: [0.182212373908208, -0.21729349187329403, 1.2381714779498172]
position: [0.18020524526841453, -0.21938788697568723, 1.2359200032147446]
position: [0.178215569921141, -0.22134265573792086, 1.233947781159991]
position: [0.17619098798882757, -0.22327997120763457, 1.2322024519079966]
position: [0.17416640605651415, -0.22546163277262748, 1.229898617295364]
position: [0.1721767307092406, -0.22734658836478136, 1.2280660215807702]
position: [0.17016960206944712, -0.2293362637120549, 1.2260937995260164]
position: [0.1682322865997334, -0.23151792527704781, 1.224051764301183]
position: [0.1662426112524599, -0.23335052099164186, 1.2220446356613897]
position: [0.16425293590518636, -0.2353052897538755, 1.2200026004365563]
position: [0.16222835397287294, -0.2375567644889482, 1.2181874580144822]
position: [0.16029103850315923, -0.23919737398582286, 1.2158836234018497]
position: [0.1582664565708458, -0.24146630201341548, 1.2140335743947357]
position: [0.1562942345160922, -0.24338616419060924, 1.2121835253876216]
position: [0.15425219929125883, -0.24527111978276311, 1.2098273308974292]
position: [0.15221016406642549, -0.24745278134775603, 1.208064548352915]
position: [0.1501681288415921, -0.24935519023242986, 1.2061272328832013]
position: [0.14819590678683853, -0.25134486557970337, 1.2038757581481287]
position: [0.14618877814704503, -0.25342180738957665, 1.2019558959709349]
position: [0.1442340093848114, -0.2553416695667704, 1.2002803798890203]
position: [0.14220942745249796, -0.25733134491404397, 1.1978369189362283]
position: [0.14023720539774437, -0.25939083343139724, 1.1959694166365944]
position: [0.138195170172911, -0.261310695608591, 1.1943113538471997]
position: [0.13617058824059758, -0.2634225440035042, 1.191798079724328]
position: [0.13414600630828416, -0.26542967264329764, 1.1900702037648536]
position: [0.13220869083857045, -0.2672622683578917, 1.1881503415876598]
position: [0.13018410890625703, -0.2694788365079245, 1.1860210399002267]
position: [0.1282293401440234, -0.27134633880755843, 1.184083724430513]
position: [0.12620475821170996, -0.27337092073987185, 1.1820067826206397]
position: [0.12423253615695637, -0.27555258230486473, 1.180069467150926]
position: [0.12226031410220278, -0.27724555167929926, 1.177922712170973]
position: [0.12030554533996914, -0.27942721324429215, 1.1760901164563788]
position: [0.11826351011513576, -0.2814168885915657, 1.1740480812315455]
position: [0.11627383476786224, -0.28330184418371956, 1.1740480812315455]
position: [0.11423179954302887, -0.28330184418371956, 1.1719187795441124]
position: [0.11423179954302887, -0.2854136925786327, 1.1700512772444787]
position: [0.11018263567840202, -0.2892883235180601, 1.165932300209772]
position: [0.11018263567840202, -0.2892883235180601, 1.165932300209772]
position: [0.10817550703860854, -0.2914176252054932, 1.1639600781550183]
position: [0.10709340290237206, -0.2910511060625744, 1.1622671087805838]
position: [0.10742501546025097, -0.2909114797224148, 1.1620402159778247]
position: [0.10786134777324956, -0.2909114797224148, 1.162563814753423]
position: [0.10780898789568974, -0.29094638630745473, 1.1624765482908233]
position: [0.10782644118820968, -0.29094638630745473, 1.1624590949983031]
position: [0.10784389448072962, -0.29094638630745473, 1.1624416417057832]
position: [0.10791370765080939, -0.29094638630745473, 1.1624067351207434]
position: [0.108035880698449, -0.29094638630745473, 1.1623543752431835]
position: [0.10810569386852877, -0.2909638395999747, 1.1623194686581437]
position: [0.10812314716104872, -0.29099874618501453, 1.1622845620731037]
position: [0.10812314716104872, -0.2910161994775345, 1.162249655488064]
position: [0.10812314716104872, -0.2910511060625744, 1.162232202195544]
position: [0.10810569386852877, -0.29112091923265415, 1.1622147489030241]
position: [0.10810569386852877, -0.2911383725251741, 1.162197295610504]
position: [0.10810569386852877, -0.2911383725251741, 1.162179842317984]
position: [0.10810569386852877, -0.29115582581769406, 1.162179842317984]
position: [0.10812314716104872, -0.29115582581769406, 1.1621623890254642]
position: [0.10812314716104872, -0.29115582581769406, 1.1621449357329443]
position: [0.1081580537460886, -0.29115582581769406, 1.1621449357329443]
position: [0.10819296033112849, -0.29115582581769406, 1.1621449357329443]
position: [0.10819296033112849, -0.291173279110214, 1.1621449357329443]
position: [0.10819296033112849, -0.291173279110214, 1.1621274824404244]
position: [0.10819296033112849, -0.29120818569525386, 1.1621274824404244]
position: [0.10819296033112849, -0.2912256389877738, 1.1621274824404244]
position: [0.10819296033112849, -0.29124309228029377, 1.1621274824404244]
position: [0.10819296033112849, -0.29124309228029377, 1.1621274824404244]
position: [0.10819296033112849, -0.29124309228029377, 1.1621100291479043]
position: [0.10819296033112849, -0.29124309228029377, 1.1621100291479043]
position: [0.10821041362364843, -0.29124309228029377, 1.1621100291479043]
position: [0.10824532020868832, -0.29124309228029377, 1.1621100291479043]
position: [0.10826277350120826, -0.29124309228029377, 1.1621100291479043]
position: [0.10826277350120826, -0.29124309228029377, 1.1621100291479043]
position: [0.10826277350120826, -0.2912605455728137, 1.1621100291479043]
position: [0.10826277350120826, -0.2912605455728137, 1.1621100291479043]
position: [0.10826277350120826, -0.2912605455728137, 1.1621100291479043]
position: [0.10826277350120826, -0.2912779988653337, 1.1621100291479043]
position: [0.10826277350120826, -0.2912779988653337, 1.1621100291479043]
position: [0.10826277350120826, -0.2912779988653337, 1.1621100291479043]
position: [0.10826277350120826, -0.2912605455728137, 1.1621100291479043]
position: [0.1082802267937282, -0.2912605455728137, 1.1621100291479043]
position: [0.1082802267937282, -0.2912605455728137, 1.1621100291479043]
position: [0.1082802267937282, -0.2912605455728137, 1.1621100291479043]
position: [0.1082802267937282, -0.2912779988653337, 1.1621100291479043]
position: [0.1082802267937282, -0.2912779988653337, 1.1621100291479043]
position: [0.1082802267937282, -0.2912779988653337, 1.1621100291479043]
position: [0.1082802267937282, -0.2912779988653337, 1.1621274824404244]
position: [0.1082802267937282, -0.2912779988653337, 1.1621274824404244]
position: [0.1082802267937282, -0.2912779988653337, 1.1621274824404244]
position: [0.10829768008624814, -0.2912779988653337, 1.1621274824404244]
position: [0.10829768008624814, -0.2912779988653337, 1.1621274824404244]
position: [0.1083151333787681, -0.2912779988653337, 1.1621274824404244]
position: [0.1083151333787681, -0.2912779988653337, 1.1621274824404244]
position: [0.1083151333787681, -0.2912779988653337, 1.1621274824404244]
position: [0.1083151333787681, -0.2912779988653337, 1.1621274824404244]
position: [0.1083151333787681, -0.2912779988653337, 1.1621274824404244]
position: [0.1083151333787681, -0.2912779988653337, 1.1621274824404244]
position: [0.1083151333787681, -0.2912779988653337, 1.1621274824404244]
position: [0.1083151333787681, -0.2912779988653337, 1.1621274824404244]
position: [0.1083151333787681, -0.2912779988653337, 1.1621274824404244]
position: [0.1083151333787681, -0.2912779988653337, 1.1621274824404244]
position: [0.10833258667128803, -0.2912779988653337, 1.1621274824404244]
position: [0.10833258667128803, -0.2912779988653337, 1.1621274824404244]
position: [0.10833258667128803, -0.2912779988653337, 1.1621274824404244]
position: [0.10833258667128803, -0.2912779988653337, 1.1621274824404244]
position: [0.10833258667128803, -0.2912779988653337, 1.1621274824404244]
position: [0.10833258667128803, -0.2912779988653337, 1.1621274824404244]
position: [0.10833258667128803, -0.2912779988653337, 1.1621274824404244]
position: [0.10833258667128803, -0.2912779988653337, 1.1621274824404244]
position: [0.10833258667128803, -0.2912779988653337, 1.1621274824404244]
position: [0.10833258667128803, -0.2912779988653337, 1.1621274824404244]
position: [0.10835003996380797, -0.2912779988653337, 1.1621274824404244]
position: [0.10835003996380797, -0.2912779988653337, 1.1621274824404244]
position: [0.10835003996380797, -0.2912779988653337, 1.1621274824404244]
position: [0.10835003996380797, -0.2912779988653337, 1.1621274824404244]
position: [0.10835003996380797, -0.2912779988653337, 1.1621274824404244]
position: [0.10835003996380797, -0.2912779988653337, 1.1621274824404244]
position: [0.10835003996380797, -0.2912779988653337, 1.1621274824404244]
position: [0.10835003996380797, -0.2912779988653337, 1.1621274824404244]
position: [0.10835003996380797, -0.2912779988653337, 1.1621274824404244]
position: [0.10835003996380797, -0.2912779988653337, 1.1621274824404244]
position: [0.10835003996380797, -0.2912779988653337, 1.1621274824404244]
position: [0.10835003996380797, -0.2912779988653337, 1.1621274824404244]
position: [0.10835003996380797, -0.2912779988653337, 1.1621274824404244]
position: [0.10836749325632791, -0.2912779988653337, 1.1621274824404244]
position: [0.10836749325632791, -0.2912779988653337, 1.1621274824404244]
position: [0.10836749325632791, -0.2912779988653337, 1.1621274824404244]
position: [0.10836749325632791, -0.2912779988653337, 1.1621274824404244]
position: [0.10836749325632791, -0.2912779988653337, 1.1621274824404244]
position: [0.10836749325632791, -0.2912779988653337, 1.1621274824404244]
position: [0.10836749325632791, -0.2912779988653337, 1.1621274824404244]
position: [0.10836749325632791, -0.2912779988653337, 1.1621274824404244]
position: [0.10836749325632791, -0.2912779988653337, 1.1621274824404244]
position: [0.10836749325632791, -0.2912779988653337, 1.1621274824404244]
position: [0.10836749325632791, -0.2912779988653337, 1.1621274824404244]
position: [0.10836749325632791, -0.2912779988653337, 1.1621449357329443]
position: [0.10836749325632791, -0.2912779988653337, 1.1621449357329443]
position: [0.10836749325632791, -0.2912779988653337, 1.1621449357329443]
position: [0.10836749325632791, -0.2912779988653337, 1.1621449357329443]
position: [0.10836749325632791, -0.2912779988653337, 1.1621449357329443]
position: [0.1093274243449248, -0.2912779988653337, 1.1621449357329443]
position: [0.11196287151543624, -0.28944540315073963, 1.164710569733376]
position: [0.11466813185602745, -0.28672268951762847, 1.167119124101128]
position: [0.11695451317614002, -0.2851344398983136, 1.168375761162564]
position: [0.11878710889073407, -0.2831447645510401, 1.170836675407876]
position: [0.12084659740808737, -0.2808583832309275, 1.1725994579523902]
position: [0.12309807214316006, -0.27906069410137335, 1.1744669602520241]
position: [0.12534954687823274, -0.2769837522915001, 1.1766486218170171]
position: [0.12744394198062595, -0.2748893571891069, 1.178568483994211]
position: [0.12932889757277982, -0.2732662009847522, 1.1804359862938447]
position: [0.1311440399948539, -0.27092745978707977, 1.1824605682261582]
position: [0.13292427583188812, -0.26930430358272506, 1.1844502435734319]
position: [0.1347219649614423, -0.2671226420177321, 1.1864748255057451]
position: [0.13658946726107624, -0.2650980600854187, 1.1881852481726995]
position: [0.1384744228532301, -0.26335273083342436, 1.1905588959554119]
position: [0.14051645807806346, -0.2611012560983517, 1.192408944962526]
position: [0.14259339988793673, -0.25914648733611806, 1.1940844610444405]
position: [0.14474015486788974, -0.25717426528136444, 1.1965802818747924]
position: [0.14685200326280287, -0.2550100570088915, 1.1983081578342667]
position: [0.1489114917801562, -0.2530378349541379, 1.2002280200114606]
position: [0.15090116712742974, -0.2511877859470239, 1.2024096815764533]
position: [0.15283848259714344, -0.24905848425959082, 1.2042597305835674]
position: [0.15472343818929732, -0.247156075374917, 1.2061795927607613]
position: [0.1565734871964113, -0.2452536664902432, 1.208378707618274]
position: [0.15845844278856516, -0.24307200492525027, 1.2103334763805076]
position: [0.160360851673239, -0.24137903555081577, 1.2121486188025818]
position: [0.1623854336055524, -0.23914501410826303, 1.2143128270750547]
position: [0.1644798287079456, -0.2371204321759496, 1.2162326892522486]
position: [0.1666091303953787, -0.23523547658379573, 1.218239817892042]
position: [0.16868607220525195, -0.23303636172628286, 1.2201945866542756]
position: [0.17072810743008532, -0.23125612588924865, 1.222288981756669]
position: [0.17271778277735886, -0.22926645054197511, 1.2243310169815023]
position: [0.1747598180021922, -0.2270847889769822, 1.2260065330634167]
position: [0.17664477359434608, -0.2252696465549081, 1.2284499940162088]
position: [0.17856463577153986, -0.2231752514525149, 1.2302651364382828]
position: [0.18043213807117378, -0.22113321622768156, 1.2320628255678372]
position: [0.1823694535408875, -0.21923080734300773, 1.2344364733505493]
position: [0.18437658218068098, -0.21718877211817436, 1.2361992558950636]
position: [0.18641861740551433, -0.21504201713822133, 1.2381191180722575]
position: [0.18847810592286765, -0.21327923459370707, 1.2403531395148102]
position: [0.19062486090282066, -0.21106266644367427, 1.242290454984524]
position: [0.1926494428351341, -0.20916025755900045, 1.2440357842365182]
position: [0.1947089313524874, -0.20731020855188645, 1.2463919787267106]
position: [0.1966462468222011, -0.2050238272317739, 1.2482245744413045]
position: [0.19863592216947465, -0.2032610446872596, 1.2500920767409385]
position: [0.20053833105414845, -0.20121900946242624, 1.252395911353571]
position: [0.2024930998163821, -0.1991769742375929, 1.254245960360685]
position: [0.20441296199357586, -0.1973269252304789, 1.2562007291229187]
position: [0.20643754392588928, -0.19512781037296603, 1.2581554978851524]
position: [0.20844467256568278, -0.19312068173317257, 1.2603371594501451]
position: [0.21052161437555603, -0.19114845967841898, 1.262204661749779]
position: [0.21259855618542928, -0.1890715178685457, 1.264089617341933]
position: [0.21469295128782248, -0.1870818425212722, 1.2663934519545657]
position: [0.21666517334257607, -0.18519688692911832, 1.2681736877915997]
position: [0.2186548486898496, -0.18303267865664533, 1.2701808164313932]
position: [0.22057471086704336, -0.18121753623457124, 1.2723799312889061]
position: [0.22251202633675707, -0.1792278608872977, 1.27426488688106]
position: [0.22444934180647078, -0.17706365261482473, 1.27426488688106]
position: [0.22444934180647078, -0.17535322994787028, 1.276080029303134]
position: [0.22640411056870444, -0.17535322994787028, 1.2784187705008065]
position: [0.2284112392084979, -0.1730668486277577, 1.2802862728004405]
position: [0.2304707277258512, -0.17114698645056395, 1.2820141487599148]
position: [0.23251276295068457, -0.1693143907359699, 1.284457609712707]
position: [0.23458970476055782, -0.16706291600089723, 1.286220392257221]
position: [0.2366317399853912, -0.16523032028630316, 1.2880704412643351]
position: [0.23863886862518469, -0.16320573835398974, 1.2904091824620074]
position: [0.24061109067993827, -0.1610938899590766, 1.2921894182990417]
position: [0.24258331273469186, -0.1592263876594427, 1.2941965469388352]
position: [0.24455553478944544, -0.15716689914208937, 1.2962560354561885]
position: [0.24649285025915915, -0.15508995733221612, 1.2982980706810219]
position: [0.2484476190213928, -0.15323990832510212, 1.300130666395616]
position: [0.2504547476611863, -0.15118041980774882, 1.302225061498009]
position: [0.2524793295934997, -0.14912093129039553, 1.3043020033078825]
position: [0.254538818110853, -0.14735814874588124, 1.3061520523149963]
position: [0.2565983066282063, -0.14508922071828861, 1.3082289941248697]
position: [0.25853562209792, -0.1432217184186547, 1.3102186694721432]
position: [0.2605427507377135, -0.14123204307138115, 1.3122607046969765]
position: [0.2625149727924671, -0.139120194676468, 1.3140234872414909]
position: [0.2645046481397406, -0.13733995883943378, 1.3163447751466433]
position: [0.2664594169019743, -0.13524556373704058, 1.318264637323837]
position: [0.26846654554176774, -0.13316862192716733, 1.3199401534057515]
position: [0.27043876759652136, -0.13124875974997358, 1.3224708808211434]
position: [0.27248080282135473, -0.1291194580625405, 1.324163850195578]
position: [0.2744879314611482, -0.12711232942274703, 1.3261011656652915]
position: [0.2765474199785015, -0.1252099205380732, 1.328439906862964]
position: [0.278554548618295, -0.12309807214316006, 1.3301852361149582]
position: [0.2806140371356483, -0.12114330338092641, 1.332122551584672]
position: [0.28256880589788197, -0.11927580108129247, 1.3343740263197448]
position: [0.2846108411227153, -0.11702432634621979, 1.3362938884969384]
position: [0.2865307032999091, -0.11522663721666564, 1.3380915776264926]
position: [0.2885203786471826, -0.1132369618693921, 1.3403779589466052]
position: [0.2904926007019362, -0.11103784701187924, 1.3422105546611993]
position: [0.29251718263424964, -0.10927506446736497, 1.3441478701309129]
position: [0.29450685798152315, -0.10712830948741195, 1.346277171818346]
position: [0.2965139866213166, -0.10522590060273812, 1.3482319405805796]
position: [0.2985036619685902, -0.10327113184050447, 1.350256522512893]
position: [0.3005631504859435, -0.10110692356803151, 1.3520891182274872]
position: [0.3025179192481771, -0.0991696080983178, 1.3543405929625598]
position: [0.30454250118049053, -0.09721483933608416, 1.3562604551397537]
position: [0.3065321765277641, -0.09503317777109124, 1.3580755975618277]
position: [0.3085567584600775, -0.09314822217893737, 1.36043179205202]
position: [0.3105115272223112, -0.09121090670922366, 1.3621945745965343]
position: [0.31251865586210464, -0.08902924514423075, 1.364149343358768]
position: [0.3144734246243383, -0.0873188224772763, 1.3663659115088007]
position: [0.3165329131416916, -0.08513716091228339, 1.3682857736859946]
position: [0.31857494836652495, -0.08307767239493008, 1.3700660095230288]
position: [0.32058207700631847, -0.08136724972797564, 1.372422204013221]
position: [0.32258920564611193, -0.0790110552377833, 1.374272253020335]
position: [0.3245614277008655, -0.07717845952318925, 1.3760699421498892]
position: [0.3265336497556191, -0.07529350393103537, 1.3784959498101614]
position: [0.3285233251028926, -0.07309438907352252, 1.3801889191845957]
position: [0.33058281362024594, -0.07124434006640853, 1.3821436879468294]
position: [0.3325899422600394, -0.06914994496401533, 1.3843428028043423]
position: [0.334562164314793, -0.06705554986162214, 1.3862626649815362]
position: [0.33653438636954663, -0.0651880475619882, 1.3881999804512497]
position: [0.33852406171682015, -0.06309365245959501, 1.3902071090910433]
position: [0.3404788304790538, -0.061086523819801536, 1.3923364107784764]
position: [0.3425208657038872, -0.05916666164260777, 1.3941690064930705]
position: [0.34452799434368064, -0.05708971983273452, 1.3962634015954636]
position: [0.34655257627599406, -0.0550651379004211, 1.3983577966978569]
position: [0.34854225162326763, -0.053267448770866935, 1.4002252989974908]
position: [0.35058428684810095, -0.05099852074327431, 1.4021626144672044]
position: [0.35255650890285456, -0.04925319149127998, 1.4043442760321974]
position: [0.354581090835168, -0.047176249681406726, 1.4063339513794708]
position: [0.35653585959740164, -0.045029494701453704, 1.4080618273389454]
position: [0.35856044152971506, -0.043336525327019204, 1.4104005685366177]
position: [0.36053266358446867, -0.04113741046950635, 1.4122506175437317]
position: [0.3625572455167821, -0.03914773512223281, 1.413978493503206]
position: [0.36452946757153565, -0.03724532623755899, 1.416491767626078]
position: [0.36655404950384907, -0.03508111796508602, 1.4182021902930324]
position: [0.36854372485112263, -0.03312634920285237, 1.420139505762746]
position: [0.370585760075956, -0.031206487025658612, 1.4223560739127787]
position: [0.3725754354232295, -0.029059732045705586, 1.4242235762124127]
position: [0.37454765747798313, -0.02715732316103177, 1.4242235762124127]
position: [0.37648497294769684, -0.02522000769131806, 1.4261259850970867]
position: [0.37648497294769684, -0.02522000769131806, 1.430332228594393]
position: [0.37850955488001026, -0.023073252711365035, 1.430332228594393]
position: [0.3804817769347638, -0.02129301687433082, 1.4320950111389072]
position: [0.38248890557455734, -0.019198621771937624, 1.4343464858739798]
position: [0.38447858092183085, -0.017139133254584316, 1.4362139881736138]
position: [0.38650316285414427, -0.015236724369910496, 1.4382385701059273]
position: [0.38854519807897764, -0.01308996938995747, 1.4402282454532007]
position: [0.39056978001129106, -0.011292280260403312, 1.442322640555594]
position: [0.3925245487735247, -0.009250245035569947, 1.4443472224879075]
position: [0.3945316774133182, -0.007120943348136864, 1.446005285277302]
position: [0.3965213527605917, -0.005218534463463045, 1.4484312929375742]
position: [0.39854593469290517, -0.003193952531149623, 1.4502289820671284]
position: [0.4005181567476587, -0.0010821041362364843, 1.4520266711966825]
position: [0.40249037880241234, 0.0007330382858376184, 1.4544352255644346]
position: [0.4044626008571659, 0.002792526803190927, 1.456145648231389]
position: [0.40650463608199927, 0.004921828490624009, 1.4580829637011028]
position: [0.4085292180143127, 0.006649704450098395, 1.4603867983137353]
position: [0.4105363466541062, 0.008866272600131194, 1.4622368473208494]
position: [0.4125260220013797, 0.010786134777324957, 1.4640170831578834]
position: [0.4144807907636134, 0.012636183784438945, 1.4663907309405957]
position: [0.4164704661108869, 0.01494001839707146, 1.4681884200701498]
position: [0.41846014145816046, 0.016667894356545847, 1.470073375662304]
position: [0.420432363512914, 0.018744836166419098, 1.4723248503973765]
position: [0.42243949215270754, 0.020786871391252463, 1.4741574461119706]
position: [0.42442916749998105, 0.022636920398366452, 1.476164574751764]
position: [0.42645374943229447, 0.024818581963359367, 1.4781367968065175]
position: [0.4285132379496478, 0.026825710603152846, 1.4802486452014307]
position: [0.43052036658944126, 0.028745572780346607, 1.4822208672561843]
position: [0.4325798551067946, 0.030892327760299633, 1.4841058228483381]
position: [0.4345346238690282, 0.03282964323001334, 1.486357297583411]
position: [0.43655920580134167, 0.034732052114687155, 1.488172440005485]
position: [0.4385314278560952, 0.03691371367968007, 1.4901795686452786]
position: [0.4405734630809286, 0.038781215979314, 1.4923612302102713]
position: [0.4425107785506423, 0.04070107815650777, 1.4942287325099053]
position: [0.4445004538979158, 0.04291764630654056, 1.4960787815170193]
position: [0.4464901292451894, 0.044645522266014946, 1.498365162837132]
position: [0.4485496177625427, 0.04687954370856769, 1.5002850250143256]
position: [0.4505567464023362, 0.04888667234836117, 1.5019779943887601]
position: [0.4525464217496097, 0.050649454892875444, 1.504508721804152]
position: [0.4545186438043633, 0.052883476335428184, 1.5062191444711064]
position: [0.4565083191516368, 0.054803338512621945, 1.5080517401857003]
position: [0.4584805412063904, 0.05677556056737554, 1.5104602945534527]
position: [0.46050512313870384, 0.05890486225480862, 1.5122230770979668]
position: [0.46247734519345746, 0.06085963101704227, 1.5141778458602004]
position: [0.4644844738332509, 0.06277949319423604, 1.5162722409625937]
position: [0.46650905576556434, 0.06492624817418906, 1.5182619163098672]
position: [0.4685161844053578, 0.06677629718130304, 1.5201294186095011]
position: [0.47052331304515127, 0.06883578569865635, 1.5222936268819742]
position: [0.4725478949774647, 0.07093018080104956, 1.5243182088142875]
position: [0.4745201170322183, 0.07267551005304389, 1.5261682578214015]
position: [0.4765621522570517, 0.07489207820307668, 1.5282801062163147]
position: [0.4785518276043252, 0.07681194038027044, 1.5302348749785484]
position: [0.48050659636655885, 0.07871434926494426, 1.5322943634959016]
position: [0.4824962717138324, 0.080948370707497, 1.5341269592104958]
position: [0.48452085364614583, 0.08269369995949133, 1.5363260740680085]
position: [0.4865628888709792, 0.08477064176936458, 1.538333202707802]
position: [0.48857001751077267, 0.08686503687175778, 1.5399738122046767]
position: [0.4905596928580462, 0.0887674457564316, 1.5424870863275486]
position: [0.49251446162027984, 0.09084438756630485, 1.544197508994503]
position: [0.4945215902600733, 0.09297368925373793, 1.5460824645866569]
position: [0.4965112656073469, 0.09471901850573226, 1.5484561123693692]
position: [0.49851839424714034, 0.09688322677820523, 1.5502014416213634]
position: [0.500473163009374, 0.0989252620030386, 1.5521387570910772]
position: [0.5024802916491675, 0.10068804454755287, 1.5543902318261498]
position: [0.5045048735814809, 0.10292206599010562, 1.5563100940033436]
position: [0.5065469088063143, 0.10480702158225949, 1.5580903298403779]
position: [0.5085714907386277, 0.10672688375945324, 1.5604116177455303]
position: [0.5105611660859012, 0.10894345190948605, 1.5622267601676043]
position: [0.5125159348481348, 0.11070623445400032, 1.564164075637318]
position: [0.5145754233654881, 0.11285298943395335, 1.566345737202311]
position: [0.5165650987127617, 0.114807758196187, 1.568230692794465]
position: [0.5185722273525551, 0.11671016708086081, 1.570307634604338]
position: [0.5205269961147888, 0.11892673523089362, 1.5721227770264123]
position: [0.5225341247545823, 0.12082914411556743, 1.574356798468965]
position: [0.5245238001018558, 0.12278391287780108, 1.5762592073536388]
position: [0.5265658353266892, 0.12494812115027405, 1.578091803068233]
position: [0.5285729639664827, 0.12494812115027405, 1.5804305442659052]
position: [0.5285729639664827, 0.12685053003494787, 1.5821933268104196]
position: [0.5305626393137562, 0.12877039221214162, 1.5821933268104196]
position: [0.5325174080759899, 0.13098696036217444, 1.5841655488651731]
position: [0.5345419900083033, 0.13276719619920865, 1.5863995703077258]
position: [0.5365142120630569, 0.134809231424042, 1.5882670726073598]
position: [0.5385038874103304, 0.13693853311147508, 1.590099668321954]
position: [0.5404761094650841, 0.1386664090709495, 1.5924035029345864]
position: [0.5425006913973974, 0.14091788380602216, 1.5942535519417003]
position: [0.5445078200371909, 0.14285519927573587, 1.5960686943637745]
position: [0.5465149486769844, 0.1446877949903299, 1.5984423421464868]
position: [0.5485220773167778, 0.1469043631403627, 1.600187671398481]
position: [0.5505117526640514, 0.148667145684877, 1.6021249868681948]
position: [0.5525188813038449, 0.15079644737231007, 1.6043241017257077]
position: [0.5545609165286782, 0.15287338918218332, 1.6062090573178616]
position: [0.5565156852909119, 0.1547583447743372, 1.6082336392501748]
position: [0.5585228139307054, 0.1568178332916905, 1.6101709547198886]
position: [0.5605124892779789, 0.15880750863896403, 1.6123177096998416]
position: [0.5624847113327325, 0.16067501093859798, 1.614115398829396]
position: [0.564509293265046, 0.16287412579611082, 1.616192340639269]
position: [0.5664989686123195, 0.1647590813882647, 1.6182692824491423]
position: [0.568506097252113, 0.16664403698041858, 1.6201891446263361]
position: [0.5704783193068665, 0.16889551171549128, 1.6221264600960499]
position: [0.5724505413616201, 0.1706757475525255, 1.6242383084909628]
position: [0.5744227634163738, 0.1727003294848389, 1.6262628904232763]
position: [0.5764124387636472, 0.17484708446479194, 1.6279733130902307]
position: [0.5784021141109208, 0.17659241371678627, 1.630399320750503]
position: [0.5804441493357542, 0.17877407528177916, 1.632231916465097]
position: [0.5824512779755476, 0.18078120392157265, 1.6339423391320513]
position: [0.5845107664929009, 0.18271851939128636, 1.6364730665474432]
position: [0.5865004418401745, 0.18484782107871944, 1.6382009425069175]
position: [0.5885075704799679, 0.18687240301103286, 1.6401033513915915]
position: [0.5904797925347216, 0.18873990531066678, 1.642354826126664]
position: [0.5925392810520749, 0.19090411358313977, 1.644204875133778]
position: [0.5945289563993484, 0.19280652246781357, 1.6461072840184519]
position: [0.5965360850391419, 0.19476129123004723, 1.6483413054610045]
position: [0.5984908538013756, 0.19694295279504015, 1.650313527515758]
position: [0.600480529148649, 0.19867082875451453, 1.6521112166453125]
position: [0.6024876577884426, 0.20081758373446756, 1.654362691380385]
position: [0.6045820528908358, 0.2029294321293807, 1.656230193680019]
position: [0.6065542749455893, 0.20465730808885507, 1.6582024157347726]
position: [0.6085264970003429, 0.20689132953140782, 1.660244450959606]
position: [0.6104987190550966, 0.20872392524600186, 1.6622341263068794]
position: [0.61248839440237, 0.21069614730075545, 1.6642761615317128]
position: [0.6144955230421635, 0.21287780886574836, 1.666056397368747]
position: [0.616485198389437, 0.2147802177504222, 1.6683951385664195]
position: [0.6184748737367106, 0.21682225297525556, 1.6702451875735334]
position: [0.6204820023765041, 0.21891664807764874, 1.6720428767030877]
position: [0.6224891310162975, 0.22073179049972286, 1.67443397777832]
position: [0.624513712948611, 0.2228087323095961, 1.6761793070303141]
position: [0.6265208415884045, 0.22495548728954914, 1.6781515290850677]
position: [0.628527970228198, 0.22664845666398362, 1.6803855505276204]
position: [0.6305176455754715, 0.22886502481401644, 1.6822705061197745]
position: [0.6325422275077849, 0.23083724686877002, 1.6840681952493286]
position: [0.6345144495625384, 0.23261748270580423, 1.686406936447001]
position: [0.636521578202332, 0.23492131731843674, 1.688222078869075]
position: [0.6384938002570856, 0.2367190064479909, 1.6900895811687089]
position: [0.6405183821893989, 0.23876104167282428, 1.6924457756589013]
position: [0.6425429641217124, 0.24083798348269753, 1.6941561983258557]
position: [0.6445500927615059, 0.24270548578233145, 1.696215686843209]
position: [0.6465572214012993, 0.24486969405480444, 1.6982228154830026]
position: [0.648529443456053, 0.2468768226945979, 1.700247397415316]
position: [0.6505016655108066, 0.24879668487179168, 1.7022370727625895]
position: [0.6524564342730402, 0.25083872009662506, 1.7041220283547434]
position: [0.6544810162053536, 0.25282839544389857, 1.7063385965047762]
position: [0.6564532382601073, 0.2547482576210923, 1.7081886455118902]
position: [0.6584778201924206, 0.25692991918608526, 1.7102132274442037]
position: [0.6605024021247341, 0.25877996819319926, 1.7123425291316368]
position: [0.6625095307645276, 0.2607521902479528, 1.7142623913088304]
position: [0.6645341126968409, 0.2629687583979856, 1.7161124403159445]
position: [0.6665237880441145, 0.2646093678948603, 1.7183290084659772]
position: [0.6685134633913881, 0.266860842629933, 1.7203186838132507]
position: [0.6705554986162214, 0.26895523773232616, 1.7220291064802051]
position: [0.6725626272560149, 0.2705958472292008, 1.7244376608479575]
position: [0.6745697558958084, 0.27288222854931343, 1.7262178966849917]
position: [0.676507071365522, 0.2748369973115471, 1.7280155858145458]
position: [0.6785316532978355, 0.27675685948874085, 1.7304590467673377]
position: [0.6805736885226689, 0.27888616117617393, 1.7304590467673377]
position: [0.6825982704549822, 0.2808583832309275, 1.7321869227268123]
position: [0.6825982704549822, 0.2808583832309275, 1.7363058997615188]
position: [0.6845704925097359, 0.28276079211560134, 1.7382432152312326]
position: [0.6865601678570094, 0.2848726405105145, 1.7382432152312326]
position: [0.6884800300342032, 0.2867750493951883, 1.7401630774084262]
position: [0.6904871586739967, 0.2887996313275017, 1.7423272856808993]
position: [0.6924942873137901, 0.2908940264298949, 1.7443169610281728]
position: [0.6944839626610636, 0.2926393556818892, 1.7461321034502468]
position: [0.6964387314232973, 0.2948384705394021, 1.7483137650152398]
position: [0.6984633133556107, 0.2967408794240759, 1.7502161738999136]
position: [0.7004878952879241, 0.2987131014788295, 1.7523105690023069]
position: [0.7025473838052775, 0.30091221633634235, 1.754160618009421]
position: [0.703594581356474, 0.30042352414578394, 1.754160618009421]
position: [0.7032629687985952, 0.3003537109757042, 1.7538813653291017]
position: [0.7030360759958358, 0.3003188043906643, 1.7540384449617812]
position: [0.7030535292883558, 0.3003362576831842, 1.7540384449617812]
position: [0.7030535292883558, 0.3003362576831842, 1.7540384449617812]
position: [0.7030360759958358, 0.3003537109757042, 1.7540384449617812]
position: [0.7028615430706364, 0.3003362576831842, 1.7540384449617812]
position: [0.7027742766080367, 0.30037116426822413, 1.7540384449617812]
position: [0.7027742766080367, 0.30037116426822413, 1.754055898254301]
position: [0.7027568233155168, 0.300406070853264, 1.754055898254301]
position: [0.7027568233155168, 0.30045843073082384, 1.7540733515468212]
position: [0.7027568233155168, 0.30051079060838365, 1.7540733515468212]
position: [0.7027568233155168, 0.30051079060838365, 1.7540733515468212]
position: [0.7027568233155168, 0.3005282439009036, 1.7540733515468212]
position: [0.7027568233155168, 0.30054569719342356, 1.754090804839341]
position: [0.7027568233155168, 0.30054569719342356, 1.754108258131861]
position: [0.7027393700229968, 0.30054569719342356, 1.754108258131861]
position: [0.7027219167304769, 0.30054569719342356, 1.754108258131861]
position: [0.702687010145437, 0.3005631504859435, 1.754108258131861]
position: [0.7026171969753572, 0.3005806037784634, 1.754125711424381]
position: [0.7026171969753572, 0.30059805707098336, 1.754125711424381]
position: [0.7026171969753572, 0.3006155103635033, 1.754125711424381]
position: [0.7026171969753572, 0.30063296365602327, 1.754125711424381]
position: [0.7026171969753572, 0.30063296365602327, 1.754125711424381]
position: [0.7025997436828373, 0.3006504169485432, 1.7541431647169008]
position: [0.7025997436828373, 0.3006504169485432, 1.7541431647169008]
position: [0.7025822903903174, 0.3006504169485432, 1.7541431647169008]
position: [0.7025473838052775, 0.3006504169485432, 1.7541431647169008]
position: [0.7024775706351977, 0.3006504169485432, 1.7541431647169008]
position: [0.7024426640501578, 0.3006504169485432, 1.754160618009421]
position: [0.7024252107576379, 0.3006678702410631, 1.754160618009421]
position: [0.702407757465118, 0.30068532353358307, 1.754160618009421]
position: [0.702390304172598, 0.30068532353358307, 1.754160618009421]
position: [0.7023728508800781, 0.30068532353358307, 1.754160618009421]
position: [0.7023728508800781, 0.30068532353358307, 1.754160618009421]
position: [0.7023728508800781, 0.30068532353358307, 1.754160618009421]
position: [0.702355397587558, 0.30068532353358307, 1.754160618009421]
position: [0.702355397587558, 0.30068532353358307, 1.754160618009421]
position: [0.702355397587558, 0.30068532353358307, 1.754160618009421]
position: [0.702355397587558, 0.30068532353358307, 1.754160618009421]
position: [0.702355397587558, 0.300702776826103, 1.754160618009421]
position: [0.702355397587558, 0.300702776826103, 1.754160618009421]
position: [0.702355397587558, 0.300702776826103, 1.754160618009421]
position: [0.702355397587558, 0.300702776826103, 1.754160618009421]
position: [0.702355397587558, 0.300702776826103, 1.754160618009421]
position: [0.702355397587558, 0.300702776826103, 1.754160618009421]
position: [0.702355397587558, 0.300702776826103, 1.754160618009421]
position: [0.702355397587558, 0.300702776826103, 1.754160618009421]
position: [0.702355397587558, 0.300702776826103, 1.754160618009421]
position: [0.702355397587558, 0.300702776826103, 1.754160618009421]
position: [0.702355397587558, 0.300702776826103, 1.754160618009421]
position: [0.702355397587558, 0.300702776826103, 1.754160618009421]
position: [0.702355397587558, 0.300702776826103, 1.754160618009421]
position: [0.702355397587558, 0.300702776826103, 1.754160618009421]
position: [0.702355397587558, 0.300702776826103, 1.754160618009421]
position: [0.702355397587558, 0.300702776826103, 1.754160618009421]
position: [0.702355397587558, 0.300702776826103, 1.754160618009421]
position: [0.702355397587558, 0.300702776826103, 1.754160618009421]
position: [0.702355397587558, 0.300702776826103, 1.754160618009421]
position: [0.702355397587558, 0.300702776826103, 1.754160618009421]
position: [0.702355397587558, 0.300702776826103, 1.754160618009421]
position: [0.702355397587558, 0.300702776826103, 1.754160618009421]
position: [0.702355397587558, 0.300702776826103, 1.754160618009421]
position: [0.702355397587558, 0.300702776826103, 1.754160618009421]
position: [0.702355397587558, 0.300702776826103, 1.754160618009421]
position: [0.702355397587558, 0.300702776826103, 1.754160618009421]
position: [0.702355397587558, 0.300702776826103, 1.754160618009421]
position: [0.702355397587558, 0.300702776826103, 1.754160618009421]
position: [0.702355397587558, 0.300702776826103, 1.754160618009421]
position: [0.702355397587558, 0.300702776826103, 1.754160618009421]
position: [0.702355397587558, 0.300702776826103, 1.754160618009421]
position: [0.702355397587558, 0.300702776826103, 1.754160618009421]
position: [0.702355397587558, 0.300702776826103, 1.754160618009421]
position: [0.702355397587558, 0.300702776826103, 1.754160618009421]
position: [0.702355397587558, 0.300702776826103, 1.754160618009421]
position: [0.702355397587558, 0.300702776826103, 1.754160618009421]
position: [0.702355397587558, 0.300720230118623, 1.754160618009421]
position: [0.702355397587558, 0.300720230118623, 1.754160618009421]
position: [0.702355397587558, 0.300720230118623, 1.754160618009421]
position: [0.702355397587558, 0.300720230118623, 1.754160618009421]
position: [0.702355397587558, 0.300720230118623, 1.754160618009421]
position: [0.702355397587558, 0.300720230118623, 1.754160618009421]
position: [0.702355397587558, 0.300720230118623, 1.754160618009421]
position: [0.702355397587558, 0.300720230118623, 1.754160618009421]
position: [0.702355397587558, 0.300702776826103, 1.754160618009421]
position: [0.702355397587558, 0.300702776826103, 1.754160618009421]
position: [0.702355397587558, 0.300720230118623, 1.754160618009421]
position: [0.702355397587558, 0.300720230118623, 1.754160618009421]
position: [0.702355397587558, 0.300720230118623, 1.754160618009421]
position: [0.702355397587558, 0.300720230118623, 1.754160618009421]
position: [0.702355397587558, 0.300720230118623, 1.754160618009421]
position: [0.702355397587558, 0.300720230118623, 1.754160618009421]
position: [0.702355397587558, 0.300702776826103, 1.754160618009421]
position: [0.702355397587558, 0.300702776826103, 1.754160618009421]
position: [0.702355397587558, 0.300702776826103, 1.754160618009421]
position: [0.702355397587558, 0.300702776826103, 1.754160618009421]
position: [0.702355397587558, 0.300702776826103, 1.754160618009421]
position: [0.702355397587558, 0.300720230118623, 1.754160618009421]
position: [0.702355397587558, 0.300720230118623, 1.754160618009421]
position: [0.7013780132064412, 0.300720230118623, 1.754160618009421]
position: [0.6989520055461691, 0.2990796206217483, 1.754160618009421]
position: [0.6964387314232973, 0.2961823740634377, 1.7516647971790689]
position: [0.6941523501031848, 0.294559217859083, 1.7491166164711571]
position: [0.6921801280484311, 0.29265680897440915, 1.7477552596546015]
position: [0.6903126257487973, 0.2904926007019362, 1.7455212382120489]
position: [0.6880960575987644, 0.28845056547710285, 1.7434792029872155]
position: [0.6856875032310122, 0.28642598354478943, 1.7416815138576613]
position: [0.6835756548360991, 0.2846806542927951, 1.739691838510388]
position: [0.6816557926589053, 0.2824640861427623, 1.7376323499930346]
position: [0.6797533837742316, 0.28050931738052864, 1.7357124878158408]
position: [0.6780080545222372, 0.2788163480060941, 1.7339671585638465]
position: [0.6762452719777229, 0.2765997798560613, 1.731680777243734]
position: [0.674360316385569, 0.27450538475366815, 1.7297434617740202]
position: [0.6723880943308155, 0.2728298686717536, 1.7281203055696654]
position: [0.6704333255685818, 0.27052603405912107, 1.7256768446168733]
position: [0.6682691172961088, 0.26841418566420794, 1.723948968657399]
position: [0.6661049090236358, 0.2667561228748133, 1.7220640130652451]
position: [0.6640105139212427, 0.2644522882621808, 1.7197950850376524]
position: [0.6619859319889292, 0.26249751949994715, 1.7179973959080983]
position: [0.6599788033491357, 0.2607521902479528, 1.715955360683265]
position: [0.6580414878794221, 0.2585007155128801, 1.7139482320434714]
position: [0.656191438872308, 0.256703026383326, 1.711923650111158]
position: [0.6542017635250346, 0.2546086312809328, 1.7100212412264841]
position: [0.6522993546403607, 0.2526015026411393, 1.7079792060016508]
position: [0.650344585878127, 0.2506292805863857, 1.7058673576067378]
position: [0.6482850973607738, 0.24862215194659223, 1.7040522151846635]
position: [0.6461907022583806, 0.24661502330679877, 1.70206253983739]
position: [0.6441312137410272, 0.24467770783708506, 1.699950691442477]
position: [0.6420193653461141, 0.2425658594421719, 1.6979435628026835]
position: [0.6400296899988406, 0.24059363738741832, 1.6962331401357291]
position: [0.6380923745291268, 0.23867377521022456, 1.6938245857679768]
position: [0.6361725123519331, 0.23649211364523165, 1.691974536760863]
position: [0.6342177435896995, 0.2346595179306376, 1.6903164739714682]
position: [0.6323153347050257, 0.2326523892908441, 1.6877857465560764]
position: [0.6303256593577521, 0.2304183678482914, 1.6860927771816419]
position: [0.6283708905955184, 0.22876030505889677, 1.6841729150044482]
position: [0.6263288553706851, 0.22650883032382407, 1.6819388935618955]
position: [0.6243217267308916, 0.2245366082690705, 1.6800015780921818]
position: [0.6222273316284984, 0.2227214658469964, 1.6781515290850677]
position: [0.6201503898186251, 0.22053980428200348, 1.675917507642515]
position: [0.6181083545937918, 0.21858503551976982, 1.6739452855877615]
position: [0.6161186792465183, 0.21670007992761595, 1.6721825030432471]
position: [0.6141290038992447, 0.21458823153270282, 1.6699484816006944]
position: [0.612209141722051, 0.21261600947794923, 1.6680460727160207]
position: [0.6102369196672973, 0.21066124071571557, 1.666056397368747]
position: [0.6082646976125438, 0.20851448573576253, 1.6641190818990335]
position: [0.6062575689727503, 0.2066469834361286, 1.6641190818990335]
position: [0.6042504403329568, 0.2066469834361286, 1.6599826515718068]
position: [0.6042504403329568, 0.20458749491877531, 1.6599826515718068]
position: [0.6021734985230836, 0.20251055310890206, 1.6582547756123325]
position: [0.60020127646833, 0.20074777056438778, 1.6558636745371003]
position: [0.5981766945360165, 0.19847884253679515, 1.654031078822506]
position: [0.5961870191887431, 0.19659388694464128, 1.652181029815392]
position: [0.5942147971339894, 0.19469147805996745, 1.6498597419102397]
position: [0.5922425750792358, 0.1924574566174147, 1.6480795060732054]
position: [0.5902528997319623, 0.19072958065794032, 1.6461945504810516]
position: [0.5882981309697286, 0.18860027897050724, 1.643908169160939]
position: [0.586360815500015, 0.18657569703819382, 1.6419534003987053]
position: [0.5843711401527414, 0.1847081947385599, 1.6402953376093108]
position: [0.5823116516353881, 0.18264870622120657, 1.6378344233639988]
position: [0.5802870697030746, 0.18058921770385328, 1.6360367342344446]
position: [0.5782101278932015, 0.1787915285742991, 1.6342564983974104]
position: [0.5761680926683681, 0.17654005383922644, 1.6318653973221782]
position: [0.5741609640285745, 0.17458528507699278, 1.6301200680701837]
position: [0.572206195266341, 0.17273523606987878, 1.6281129394303904]
position: [0.5702165199190674, 0.170518667919846, 1.6261581706681567]
position: [0.5682442978643139, 0.16872097879029183, 1.6240637755657634]
position: [0.5662720758095602, 0.16666149027293853, 1.62205664692597]
position: [0.5642474938772468, 0.16453218858550545, 1.620224051211376]
position: [0.5623276317000531, 0.162821765918551, 1.6179376698912633]
position: [0.5603379563527795, 0.16058774447599825, 1.6161399807617092]
position: [0.5583482810055059, 0.15872024217636432, 1.6141677587069556]
position: [0.5563236990731926, 0.1566956602440509, 1.6119686438494427]
position: [0.5542816638483592, 0.15458381184913778, 1.610066234964769]
position: [0.5522745352085657, 0.15264649637942407, 1.608251092542695]
position: [0.5503197664463321, 0.1507266342022303, 1.6059821645151022]
position: [0.5482777312214987, 0.14857987922227728, 1.6039750358753087]
position: [0.546322962459265, 0.1466949236301234, 1.6022995197933942]
position: [0.5442983805269516, 0.14463543511277008, 1.5998211522555623]
position: [0.5423087051796781, 0.14247122684029712, 1.598040916418528]
position: [0.5402666699548447, 0.14072589758830278, 1.596225773996454]
position: [0.5382420880225313, 0.13861404919338965, 1.5938695795062616]
position: [0.5362349593827378, 0.1365371073835164, 1.5921067969617473]
position: [0.5342278307429443, 0.1347568715464822, 1.590064761736914]
position: [0.5322032488106309, 0.13248794351888954, 1.5879354600494808]
position: [0.5301961201708374, 0.13062044121925562, 1.586033051164807]
position: [0.5281889915310439, 0.12863076587198208, 1.5841131889876132]
position: [0.5261818628912505, 0.1265363707695889, 1.5819664340076602]
position: [0.5241921875439769, 0.12465141517743501, 1.5799418520753468]
position: [0.5222548720742632, 0.12264428653764153, 1.5781092563607528]
position: [0.5202651967269897, 0.12060225131280818, 1.5759974079658396]
position: [0.5182755213797161, 0.11866493584309447, 1.574025185911086]
position: [0.5162683927399226, 0.11667526049582093, 1.5720180572712925]
position: [0.5142612641001292, 0.1145285055158679, 1.5702029148492185]
position: [0.5122890420453756, 0.11266100321623397, 1.5679339868216258]
position: [0.5102819134055822, 0.11054915482132083, 1.5659966713519122]
position: [0.5082747847657887, 0.10862929264412707, 1.5643560618550374]
position: [0.5062851094185151, 0.10669197717441337, 1.5618078811471257]
position: [0.5042605274862016, 0.10440559585430079, 1.5600800051876513]
position: [0.5022533988464082, 0.10267771989482641, 1.5582125028880174]
position: [0.5002113636215748, 0.10060077808495316, 1.555873761690345]
position: [0.4981867816892614, 0.09845402310500012, 1.554023712683231]
position: [0.49621455963450783, 0.09676105373056562, 1.552156210383597]
position: [0.49420743099471437, 0.09454448558053283, 1.5498698290634845]
position: [0.4922177556474408, 0.09258971681829918, 1.547932513593771]
position: [0.49017572042260743, 0.09072221451866525, 1.5462569975118563]
position: [0.48813368519777406, 0.08857545953871222, 1.543830989851584]
position: [0.48614400985050055, 0.08658578419143868, 1.54205075401455]
position: [0.48417178779574693, 0.08475318847684464, 1.5400959852523164]
position: [0.4821995657409934, 0.08250171374177195, 1.5379317769798433]
position: [0.4802447969787597, 0.08061675814961808, 1.5360468213876894]
position: [0.47823766833896625, 0.07864453609486449, 1.5339698795778163]
position: [0.47626544628421263, 0.07648032782239152, 1.5321372838632221]
position: [0.47425831764441917, 0.0747000919853573, 1.5299381690057092]
position: [0.4722686422971456, 0.07255333700540428, 1.5280183068285156]
position: [0.47026151365735214, 0.07056366165813074, 1.5261682578214015]
position: [0.4682892916025985, 0.06867870606597687, 1.523864423208769]
position: [0.4662472563777652, 0.06649704450098395, 1.522066734079215]
position: [0.46425758103049164, 0.06468190207890985, 1.5201119653169812]
position: [0.4621980925131383, 0.06258750697651666, 1.5179128504594683]
position: [0.46019096387334485, 0.060562925044203235, 1.5159755349897546]
position: [0.45820128852607134, 0.05867796945204936, 1.5142302057377603]
position: [0.4562290664713177, 0.05667084081225588, 1.5142302057377603]
position: [0.4562290664713177, 0.05455899241734274, 1.511874011247568]
position: [0.45422193783152426, 0.05455899241734274, 1.5083135395734995]
position: [0.4522148091917308, 0.05270894341022875, 1.5083135395734995]
position: [0.4501902272594174, 0.05059709501531561, 1.505765358865588]
position: [0.44816564532710396, 0.04845034003536259, 1.5040723894911534]
position: [0.4461410633947905, 0.046792277245967975, 1.5022048871915195]
position: [0.44420374792507683, 0.0445058959258554, 1.4999185058714068]
position: [0.44221407257780326, 0.042551127163621756, 1.4981033634493328]
position: [0.44027675710808956, 0.04070107815650777, 1.4960438749319793]
position: [0.4382696284682961, 0.03846705671395502, 1.4940891061697459]
position: [0.43631485970606243, 0.036721727461960695, 1.4919598044823128]
position: [0.434290277773749, 0.0346273323595675, 1.4900923021826789]
position: [0.4323180557189954, 0.03255039054969425, 1.4880328136653254]
position: [0.4303283803717219, 0.0307177948351002, 1.4859558718554522]
position: [0.4283387050244484, 0.028623399732707003, 1.4840883695558182]
position: [0.42627921650709505, 0.02665117767795341, 1.4821161475010647]
position: [0.42425463457478163, 0.02467895562319982, 1.4799693925211117]
position: [0.42221259934994826, 0.022636920398366452, 1.478014623758878]
position: [0.4202054707101548, 0.020594885173533087, 1.4763391076769634]
position: [0.41825070194792113, 0.018709929581379212, 1.4739131000166914]
position: [0.41626102660064757, 0.0165282680163863, 1.4720630510095774]
position: [0.41430625783841396, 0.014748032179352085, 1.470317721757583]
position: [0.41228167590610054, 0.012705996954518718, 1.467839354219751]
position: [0.41023964068126717, 0.010489428804485921, 1.4660940249677568]
position: [0.40823251204147365, 0.008831366015091307, 1.464191616083083]
position: [0.40624283669420014, 0.006597344572538566, 1.4619052347629704]
position: [0.4042531613469266, 0.004590215932745087, 1.4600726390483763]
position: [0.40226348599965306, 0.002775073510670984, 1.4582225900412622]
position: [0.40027381065237955, 0.0005235987755982988, 1.4559536620136697]
position: [0.39830158859762593, -0.001291543646475804, 1.453998893251436]
position: [0.3963119132503524, -0.003246312408709453, 1.4522186574144018]
position: [0.3943396911955988, -0.005358160803622592, 1.449949729386809]
position: [0.3923151092632854, -0.0073129295658562405, 1.4480822270871752]
position: [0.3903079806234919, -0.00926769832808989, 1.4461100050324216]
position: [0.38826594539865855, -0.011449359893082801, 1.4440854231001083]
position: [0.3862588167588651, -0.01329940890019679, 1.4420259345827549]
position: [0.38419932824151176, -0.015376350710070043, 1.4400013526504416]
position: [0.3821921996017183, -0.01747074581246324, 1.438273476690967]
position: [0.3802199775469647, -0.019285888234537342, 1.4358998289082547]
position: [0.37823030219969117, -0.02150245638457014, 1.4340846864861807]
position: [0.37622317355989765, -0.023404865269243957, 1.4322520907715868]
position: [0.37426840479766404, -0.02530727415391778, 1.4298609896963546]
position: [0.3722089162803107, -0.02748893571891069, 1.4280633005668002]
position: [0.37020178764051725, -0.029269171555944905, 1.4261434383896066]
position: [0.36817720570820384, -0.031328660073298216, 1.4239094169470539]
position: [0.36623989023849013, -0.03344050846821135, 1.42197210147734]
position: [0.36425021489121656, -0.03523819759776551, 1.4203314919804655]
position: [0.36226053954394305, -0.03738495257771854, 1.4178531244426336]
position: [0.3602708641966695, -0.039426987802551904, 1.4160379820205593]
position: [0.35828118884939597, -0.04125958351714595, 1.4142751994760452]
position: [0.35625660691708255, -0.04345869837465881, 1.411831738523253]
position: [0.35431929144736884, -0.04551818689201211, 1.4100864092712586]
position: [0.3523121628075754, -0.04721115626644661, 1.408114187216505]
position: [0.35030503416778186, -0.04953244417159907, 1.4060023388215919]
position: [0.3482629989429485, -0.05131268000863329, 1.4040301167668383]
position: [0.34622096371811517, -0.05335471523346665, 1.4020404414195649]
position: [0.3441963817858017, -0.055484016920899736, 1.400138032534891]
position: [0.3422067064385282, -0.05722934617289407, 1.3979040110923382]
position: [0.3402170310912547, -0.05942846103040692, 1.3960888686702642]
position: [0.33819244915894126, -0.061400683085160515, 1.3940642867379507]
position: [0.3362027738116677, -0.06330309196983433, 1.3918651718804378]
position: [0.3341956451718742, -0.06539748707222752, 1.3900500294583638]
position: [0.33218851653208076, -0.06733480254194123, 1.3881825271587298]
position: [0.33018138789228724, -0.06928957130417489, 1.3858961458386172]
position: [0.32817425925249377, -0.07138396640656808, 1.3839413770763835]
position: [0.32618458390522026, -0.07339109504636156, 1.3822658609944691]
position: [0.32421236185046665, -0.07532841051607526, 1.379804946749157]
position: [0.32222268650319313, -0.07751007208106818, 1.3780247109121229]
position: [0.3202679177409595, -0.07927285462558245, 1.3762968349526485]
position: [0.31824333580864606, -0.08140215631301553, 1.3738359207073365]
position: [0.31627111375389244, -0.08349655141540872, 1.3721080447478622]
position: [0.31428143840661893, -0.085259333959923, 1.3700834628155487]
position: [0.31229176305934536, -0.08749335540247574, 1.3679541611281156]
position: [0.310249727834512, -0.08943067087218945, 1.3659993923